 2.53e4 6.920E-06  707
 2.54e4 4.564E-07 1000
 2.55e4 2.495E-07 1000
 2.56e4 2.720E-07 1000
 2.57e4 9.040E-06  707
 2.58e4 6.348E-06  707
 2.59e4 4.136E-06  707
 2.60e4 2.793E-06 1000
 2.61e4 4.198E-04  533
 2.62e4 1.379E-03  632
 2.63e4 1.082E-03  534
 2.64e4 8.709E-04  534
 2.65e4 9.467E-04  534
 2.66e4 1.015E-03  533
 2.67e4 1.206E-03  534
 2.68e4 3.869E-04  707
 2.69e4 5.885E-04  707
 2.70e4 9.281E-04  707
 2.71e4 9.862E-03  107
 2.72e4 8.701E-03   83
 2.73e4 5.164E-03   64
 2.74e4 3.839E-03  119
 2.75e4 8.238E-03   64
 2.76e4 1.525E-02   59
 2.77e4 2.603E-02   90
 2.78e4 4.979E-02  108
 2.79e4 9.753E-02  102
 2.80e4 1.701E-01   82
 2.81e4 2.507E-01   59
 2.82e4 3.080E-01   38
 2.83e4 3.320E-01   27
 2.84e4 3.280E-01   23
 2.85e4 3.160E-01   20
 2.86e4 3.020E-01   19
 2.87e4 2.860E-01   19
 2.88e4 2.711E-01   18
 2.89e4 2.691E-01   17
 2.90e4 2.811E-01   20
 2.91e4 3.041E-01   23
 2.92e4 3.303E-01   24
 2.93e4 3.530E-01   21
 2.94e4 3.718E-01   19
 2.95e4 3.877E-01   18
 2.96e4 4.020E-01   17
 2.97e4 4.180E-01   16
 2.98e4 4.330E-01   16
 2.99e4 4.430E-01   15
 3.00e4 4.460E-01   14
 3.01e4 4.490E-01   13
 3.02e4 4.520E-01   12
 3.03e4 4.500E-01   10
 3.04e4 4.410E-01    9
 3.05e4 4.300E-01    9
 3.06e4 4.150E-01    9
 3.07e4 3.990E-01    9
 3.08e4 3.800E-01   10
 3.09e4 3.640E-01   11
 3.10e4 3.550E-01   10
 3.11e4 3.620E-01    9
 3.12e4 3.880E-01   11
 3.13e4 4.280E-01   14
 3.14e4 4.650E-01   12
 3.15e4 4.930E-01   10
 3.16e4 5.120E-01    9
 3.17e4 5.260E-01   10
 3.18e4 5.380E-01   10
 3.19e4 5.490E-01    9
 3.20e4 5.580E-01    9
 3.21e4 5.630E-01    9
 3.22e4 5.680E-01    9
 3.23e4 5.710E-01    8
 3.24e4 5.730E-01    6
 3.25e4 5.680E-01    6
 3.26e4 5.620E-01    8
 3.27e4 5.580E-01    9
 3.28e4 5.600E-01    8
 3.29e4 5.750E-01    6
 3.30e4 6.060E-01    7
 3.31e4 6.470E-01    9
 3.32e4 6.900E-01   10
 3.33e4 7.280E-01   11
 3.34e4 7.540E-01   12
 3.35e4 7.679E-01   13
 3.36e4 7.659E-01   13
 3.37e4 7.509E-01   14
 3.38e4 7.339E-01   16
 3.39e4 7.140E-01   18
 3.40e4 6.930E-01   20
 3.41e4 6.810E-01   20
 3.42e4 6.940E-01   19
 3.43e4 7.330E-01   19
 3.44e4 7.859E-01   19
 3.45e4 8.339E-01   18
 3.46e4 8.639E-01   17
 3.47e4 8.779E-01   17
 3.48e4 8.798E-01   17
 3.49e4 8.758E-01   16
 3.50e4 8.728E-01   16
 3.51e4 8.699E-01   15
 3.52e4 8.669E-01   15
 3.53e4 8.640E-01   14
 3.54e4 8.550E-01   14
 3.55e4 8.410E-01   14
 3.56e4 8.230E-01   14
 3.57e4 8.030E-01   16
 3.58e4 7.830E-01   17
 3.59e4 7.700E-01   16
 3.60e4 7.660E-01   14
 3.61e4 7.750E-01   14
 3.62e4 7.920E-01   14
 3.63e4 8.080E-01   14
 3.64e4 8.160E-01   14
 3.65e4 8.180E-01   14
 3.66e4 8.160E-01   14
 3.67e4 8.140E-01   15
 3.68e4 8.110E-01   15
 3.69e4 8.080E-01   15
 3.70e4 8.051E-01   16
 3.71e4 8.041E-01   16
 3.72e4 8.021E-01   17
 3.73e4 7.941E-01   18
 3.74e4 7.691E-01   19
 3.75e4 7.222E-01   22
 3.76e4 6.503E-01   28
 3.77e4 5.546E-01   36
 3.78e4 4.439E-01   48
 3.79e4 3.290E-01   61
 3.80e4 2.271E-01   76
 3.81e4 1.489E-01   92
 3.82e4 9.272E-02  106
 3.83e4 5.660E-02  115
 3.84e4 3.480E-02  114
 3.85e4 2.195E-02  104
 3.86e4 1.396E-02   88
 3.87e4 8.715E-03   70
 3.88e4 5.335E-03   67
 3.89e4 3.771E-03  174
 3.90e4 3.128E-03  278
 3.91e4 2.458E-03  534
 3.92e4 1.860E-03  534
 3.93e4 1.757E-03  534
 3.94e4 1.408E-03  534
 3.95e4 1.172E-03  534
 3.96e4 8.769E-04  534
 3.97e4 5.055E-04  534
 3.98e4 2.727E-04  534
 3.99e4 3.285E-05  534
 4.00e4 7.679E-05 1000
 4.01e4 3.357E-05  631
 4.02e4 2.224E-05  707
 4.03e4 1.027E-05 1000
 4.04e4 5.686E-06 1000
 4.05e4 3.845E-06 1000
 4.06e4 9.412E-06  707
 4.07e4 8.818E-07  707
 4.08e4 6.263E-06  707
 4.09e4 5.745E-06  707
 4.10e4 1.101E-06 1000
 4.11e4 2.516E-06  707
 4.12e4 6.364E-07 1000
 4.13e4 5.059E-07 1000
 4.14e4 2.689E-06  707
 4.15e4 2.208E-05  631
 4.16e4 3.894E-05  632
 4.17e4 4.666E-05  631
 4.18e4 3.668E-05  534
 4.19e4 2.686E-05  632
 4.20e4 2.570E-07 1000
 4.21e4 2.347E-07 1000
 4.22e4 2.089E-07 1000
 4.23e4 1.796E-07 1000
 4.24e4 1.491E-07 1000
 4.25e4 1.106E-06  707
 4.26e4 9.136E-08 1000
 4.27e4 7.271E-07  707
 4.28e4 4.862E-07  707
 4.29e4 3.782E-07  707
 4.30e4 2.335E-08 1000
 4.31e4 1.580E-08 1000
 4.32e4 1.054E-08 1000
 4.33e4 1.532E-07  707
 4.34e4 4.493E-09 1000
 4.35e4 2.845E-09 1000
 4.36e4 1.827E-09 1000
 4.37e4 2.841E-08  707
 4.38e4 8.003E-10 1000
 4.39e4 5.905E-10 1000
 4.40e4 4.375E-10 1000
 4.41e4 9.246E-09  707
 4.42e4 2.497E-10 1000
 4.43e4 1.826E-10 1000
 4.44e4 1.345E-10 1000
 4.45e4 1.408E-09  707
 4.46e4 1.343E-09  707
 4.47e4 5.071E-11 1000
 4.48e4 3.382E-11 1000
 4.49e4 2.661E-11 1000
 4.50e4 1.767E-11 1000
 4.51e4 1.008E-11 1000
 4.52e4 3.007E-10  707
 4.53e4 5.644E-12 1000
 4.54e4 4.777E-12 1000
 4.55e4 3.013E-12 1000
 4.56e4 1.279E-07  632
 4.57e4 9.889E-08  534
 4.58e4 2.856E-07  633
 4.59e4 1.377E-07  534
 4.60e4 1.115E-07  534
 4.61e4 9.872E-08  534
 4.62e4 3.303E-07  633
 4.63e4 1.088E-07  534
 4.64e4 3.423E-07  630
 4.65e4 1.574E-07  533
 4.66e4 1.950E-07  534
 4.67e4 3.844E-07  632
 4.68e4 1.013E-07  535
 4.69e4 1.750E-07  534
 4.70e4 4.023E-07  632
 4.71e4 1.126E-09  613
 4.72e4 1.578E-09  593
 4.73e4 1.097E-09  574
 4.74e4 3.736E-10  661
 4.75e4 4.384E-09  610
 4.76e4 2.511E-09  644
 4.77e4 7.463E-10  711
 4.78e4 1.364E-10  650
 4.79e4 3.789E-10  735
 4.80e4 4.876E-09  603
 4.81e4 1.203E-10  696
 4.82e4 1.430E-10  692
 4.83e4 9.217E-13  963
 4.84e4 4.525E-11  702
 4.85e4 1.102E-09  675
 4.86e4 3.404E-09  604
 4.87e4 8.822E-10  674
 4.88e4 9.626E-12  868
 4.89e4 1.210E-09  579
 4.90e4 2.850E-09  529
 4.91e4 3.143E-13  977
 4.92e4 1.041E-10  676
 4.93e4 2.513E-09  590
 4.94e4 4.288E-09  558
 4.95e4 1.856E-09  475
 4.96e4 9.366E-09  491
 4.97e4 9.993E-09  466
 4.98e4 8.869E-09  460
 4.99e4 2.193E-08  333
 5.00e4 4.130E-08  230
 5.01e4 3.003E-08  226
 5.02e4 2.357E-08  220
 5.03e4 1.863E-08  225
 5.04e4 1.610E-08  221
 5.05e4 1.674E-08  228
 5.06e4 1.693E-08  227
 5.07e4 1.751E-08  224
 5.08e4 1.812E-08  222
 5.09e4 1.822E-08  220
 5.10e4 1.733E-08  214
 5.11e4 1.781E-08  217
 5.12e4 1.737E-08  210
 5.13e4 1.800E-08  213
 5.14e4 1.804E-08  211
 5.15e4 1.742E-08  208
 5.16e4 1.676E-08  207
 5.17e4 1.643E-08  207
 5.18e4 1.619E-08  207
 5.19e4 1.603E-08  204
 5.20e4 1.594E-08  211
 5.21e4 1.547E-08  208
 5.22e4 1.620E-08  213
 5.23e4 1.656E-08  214
 5.24e4 1.647E-08  211
 5.25e4 1.788E-08  211
 5.26e4 1.936E-08  216
 5.27e4 2.027E-08  215
 5.28e4 2.078E-08  210
 5.29e4 2.205E-08  213
 5.30e4 2.269E-08  205
 5.31e4 2.380E-08  202
 5.32e4 2.600E-08  203
 5.33e4 2.641E-08  199
 5.34e4 2.412E-08  194
 5.35e4 2.516E-08  193
 5.36e4 2.640E-08  195
 5.37e4 2.563E-08  190
 5.38e4 2.477E-08  189
 5.39e4 2.602E-08  189
 5.40e4 2.607E-08  193
 5.41e4 2.588E-08  195
 5.42e4 2.581E-08  196
 5.43e4 2.566E-08  194
 5.44e4 2.087E-08  187
 5.45e4 2.383E-08  186
 5.46e4 2.589E-08  189
 5.47e4 2.552E-08  184
 5.48e4 2.472E-08  181
 5.49e4 2.585E-08  182
 5.50e4 2.475E-08  181
 5.51e4 2.364E-08  179
 5.52e4 2.268E-08  177
 5.53e4 2.146E-08  174
 5.54e4 2.011E-08  175
 5.55e4 1.928E-08  179
 5.56e4 1.776E-08  181
 5.57e4 1.590E-08  180
 5.58e4 1.500E-08  186
 5.59e4 1.362E-08  187
 5.60e4 1.229E-08  188
 5.61e4 1.122E-08  188
 5.62e4 1.068E-08  186
 5.63e4 9.323E-09  192
 5.64e4 8.803E-09  189
 5.65e4 7.477E-09  193
 5.66e4 7.067E-09  187
 5.67e4 6.271E-09  184
 5.68e4 4.831E-09  185
 5.69e4 4.249E-09  182
 5.70e4 3.384E-09  179
 5.71e4 2.602E-09  181
 5.72e4 2.735E-09  176
 5.73e4 2.541E-09  175
 5.74e4 2.814E-09  175
 5.75e4 3.104E-09  181
 5.76e4 3.678E-09  182
 5.77e4 4.382E-09  182
 5.78e4 4.846E-09  180
 5.79e4 5.177E-09  182
 5.80e4 5.754E-09  182
 5.81e4 6.253E-09  184
 5.82e4 7.327E-09  183
 5.83e4 7.498E-09  186
 5.84e4 8.246E-09  183
 5.85e4 9.092E-09  180
 5.86e4 9.524E-09  182
 5.87e4 9.941E-09  185
 5.88e4 1.109E-08  183
 5.89e4 1.170E-08  180
 5.90e4 1.176E-08  180
 5.91e4 1.221E-08  177
 5.92e4 1.263E-08  176
 5.93e4 1.408E-08  176
 5.94e4 1.376E-08  180
 5.95e4 1.444E-08  181
 5.96e4 1.462E-08  178
 5.97e4 1.565E-08  181
 5.98e4 1.549E-08  185
 5.99e4 1.563E-08  188
 6.00e4 1.652E-08  185
 6.01e4 1.589E-08  190
 6.02e4 1.596E-08  190
 6.03e4 1.585E-08  194
 6.04e4 1.556E-08  200
 6.05e4 1.632E-08  199
 6.06e4 1.478E-08  203
 6.07e4 1.455E-08  201
 6.08e4 1.451E-08  199
 6.09e4 1.437E-08  199
 6.10e4 1.471E-08  195
 6.11e4 1.453E-08  196
 6.12e4 1.468E-08  199
 6.13e4 1.526E-08  198
 6.14e4 1.664E-08  201
 6.15e4 1.794E-08  208
 6.16e4 2.074E-08  215
 6.17e4 2.019E-08  238
 6.18e4 2.091E-08  253
 6.19e4 2.390E-08  285
 6.20e4 2.338E-08  310
 6.21e4 3.256E-08  323
 6.22e4 3.578E-08  373
 6.23e4 4.112E-08  392
 6.24e4 5.795E-08  378
 6.25e4 7.895E-08  358
 6.26e4 1.079E-07  362
 6.27e4 1.385E-07  386
 6.28e4 1.736E-07  421
 6.29e4 2.029E-07  475
 6.30e4 2.203E-07  566
 6.31e4 1.084E-07  533
 6.32e4 3.137E-07  554
 6.33e4 2.950E-07  514
 6.34e4 2.590E-07  502
 6.35e4 2.413E-07  489
 6.36e4 2.515E-08  908
 6.37e4 2.038E-08  701
 6.38e4 3.349E-08  677
 6.39e4 1.871E-07  429
 6.40e4 1.681E-07  434
 6.41e4 3.339E-07  635
 6.42e4 3.210E-07  635
 6.43e4 2.287E-07  536
 6.44e4 2.948E-07  635
 6.45e4 2.882E-07  634
 6.46e4 2.241E-07  536
 6.47e4 2.754E-07  635
 6.48e4 9.924E-08  536
 6.49e4 2.735E-07  634
 6.50e4 2.376E-07  536
