2735978.11 0.000507166
2739726.03 0.000513544
2743484.22 0.000521896
2747252.75 0.000526982
2751031.64 0.000529083
2754820.94 0.000533655
2758620.69 0.000543304
2762430.94 0.000555144
2766251.73 0.000569085
2770083.10 0.00058826
2773925.10 0.0006129
2777777.78 0.000645317
2781641.17 0.000674023
2785515.32 0.00069522
2789400.28 0.000724054
2793296.09 0.00076195
2797202.80 0.000802291
2801120.45 0.000840093
2805049.09 0.000880149
2808988.76 0.000923926
2812939.52 0.000970378
2816901.41 0.00102021
2820874.47 0.00108462
2824858.76 0.00116717
2828854.31 0.0012485
2832861.19 0.00133613
2836879.43 0.00145468
2840909.09 0.00158238
2844950.21 0.00172197
2849002.85 0.00189101
2851257.62 0.00210965
2852629.18 0.00211439
2854001.82 0.00233962
2855375.79 0.00249585
2856751.07 0.00239633
2858128.18 0.00299285
2859506.20 0.00322987
2860885.55 0.00368297
2862266.31 0.00448206
2863648.25 0.00453758
2865031.52 0.00397133
2866416.53 0.00385018
2867802.56 0.00369841
2869189.93 0.0048185
2870578.81 0.00647918
2871968.78 0.0069288
2873360.43 0.00712426
2874753.18 0.007762
2876147.29 0.0084186
2877542.74 0.00918864
2878939.56 0.00962099
2880337.81 0.0102816
2881737.58 0.0127077
2883138.47 0.0143609
2884540.72 0.0153774
2885944.33 0.016375
2887349.32 0.0187694
2887445.94 0.0189243
2887586.27 0.0191147
2887726.35 0.0192724
2887866.79 0.0193978
2888006.82 0.0194901
2888147.12 0.0195502
2888287.43 0.0195801
2888427.83 0.0195832
2888568.00 0.0195635
2888708.52 0.0195257
2888755.75 0.0195056
2888848.55 0.0194747
2888989.01 0.0194154
2889129.40 0.0193525
2889269.89 0.0192901
2889410.14 0.0192317
2889550.74 0.01918
2889691.18 0.0191369
2889831.39 0.0191036
2889971.86 0.0190805
2890112.43 0.019068
2890163.64 0.019068
2890252.77 0.0190656
2890393.45 0.019073
2890533.98 0.0190901
2890674.18 0.0191166
2890814.82 0.0191529
2890955.47 0.0191995
2891095.89 0.0192574
2891236.65 0.019328
2891377.26 0.0194127
2891518.05 0.0195131
2891572.73 0.0195582
2891658.27 0.0196308
2891799.00 0.019767
2891939.50 0.0199226
2892080.26 0.0200978
2892221.04 0.0202923
2892361.74 0.0205048
2892502.13 0.0207335
2892643.03 0.0209758
2892783.60 0.0212284
2892924.45 0.0214876
2892983.20 0.0215954
2893065.31 0.0217494
2893206.09 0.0220096
2893346.56 0.0222641
2893487.54 0.0225091
2893628.20 0.0227413
2893769.13 0.0229579
2893909.98 0.0231569
2894050.94 0.023337
2894191.82 0.0234977
2894332.55 0.0236391
2894395.04 0.0236951
2894473.29 0.0237622
2894614.30 0.0238683
2894755.24 0.0239593
2894896.27 0.0240374
2895037.24 0.0241047
2895178.05 0.0241636
2895318.88 0.0242163
2895459.97 0.0242649
2895600.99 0.0243113
2895742.02 0.0243569
2895808.27 0.0243798
2895883.15 0.0244032
2896024.22 0.0244513
2896164.96 0.0245023
2896306.13 0.0245569
2896447.23 0.024616
2896588.35 0.0246803
2896729.56 0.0247507
2896870.71 0.024828
2897011.53 0.0249131
2897152.79 0.0250068
2897223.04 0.0250556
2897293.97 0.0251099
2897435.17 0.0252233
2897576.47 0.0253476
2897717.53 0.0254831
2897858.93 0.0256298
2897999.94 0.0257876
2898141.20 0.0259558
2898282.49 0.0261332
2898423.87 0.0263182
2898565.01 0.0265088
2898639.20 0.0266088
2898706.50 0.0267028
2898847.50 0.0268973
2898988.93 0.0270895
2899130.30 0.0272763
2899271.76 0.0274547
2899412.98 0.0276219
2899554.56 0.0277751
2899695.98 0.0279121
2899837.16 0.0280311
2899978.61 0.028131
2900056.57 0.0281766
2900120.15 0.0282112
2900261.46 0.028272
2900403.12 0.0283141
2900544.62 0.0283393
2900685.80 0.0283498
2900827.41 0.0283486
2900969.04 0.028339
2901110.43 0.0283247
2901252.17 0.0283099
2901393.75 0.0282985
2901475.33 0.0282947
2901535.02 0.0282946
2901676.71 0.0283018
2901818.42 0.0283233
2901959.90 0.0283618
2902101.64 0.0284192
2902243.39 0.0284965
2902385.07 0.0285938
2902526.43 0.0287104
2902668.31 0.0288444
2902809.86 0.0289935
2902895.48 0.0290911
2902951.68 0.0291542
2903093.52 0.0293226
2903235.28 0.0294945
2903376.73 0.0296655
2903518.69 0.029831
2903660.33 0.029987
2903802.23 0.0301299
2903944.06 0.0302568
2904086.00 0.0303655
2904227.86 0.0304551
2904317.01 0.0305018
2904369.57 0.0305255
2904511.29 0.0305776
2904653.27 0.0306134
2904795.19 0.0306357
2904937.21 0.0306479
2905079.15 0.030654
2905220.94 0.0306581
2905362.75 0.0306643
2905504.82 0.0306764
2905646.82 0.0306978
2905740.12 0.0307182
2905788.92 0.0307312
2905930.95 0.0307785
2906072.99 0.0308407
2906214.71 0.0309181
2906356.86 0.0310098
2906498.95 0.0311146
2906641.04 0.0312305
2906783.24 0.0313551
2906925.37 0.0314858
2907067.17 0.0316203
2907164.53 0.0317132
2907209.41 0.0317562
2907351.57 0.0318917
2907493.75 0.0320256
2907636.03 0.0321571
2907778.07 0.0322862
2907920.13 0.0324134
2908062.45 0.0325399
2908204.70 0.032667
2908346.96 0.0327964
2908489.33 0.0329299
2908590.25 0.0330286
2908631.45 0.0330688
2908773.93 0.0332143
2908915.91 0.0333671
2909058.33 0.0335272
2909200.68 0.0336938
2909343.12 0.0338657
2909485.33 0.0340406
2909627.89 0.0342161
2909769.95 0.0343891
2909912.46 0.0345561
2910017.37 0.034672
2910054.89 0.0347137
2910197.42 0.0348585
2910339.71 0.0349874
2910482.35 0.0350977
2910624.84 0.0351872
2910767.00 0.0352541
2910909.60 0.0352977
2911052.22 0.0353175
2911194.59 0.0353139
2911337.32 0.0352876
2911445.90 0.0352526
2911479.89 0.0352397
2911622.14 0.0351718
2911764.82 0.0350854
2911907.52 0.0349824
2912049.98 0.0348644
2912192.70 0.034733
2912335.44 0.0345897
2912477.77 0.0344358
2912620.45 0.0342727
2912763.32 0.0341013
2912876.17 0.0339608
2912905.86 0.0339229
2913048.67 0.0337385
2913191.50 0.0335493
2913334.25 0.0333566
2913476.68 0.0331618
2913619.63 0.0329665
2913762.25 0.0327723
2913905.15 0.032581
2914047.97 0.0323942
2914190.89 0.0322137
2914307.41 0.0320726
2914333.40 0.0320412
2914476.44 0.0318778
2914619.15 0.0317249
2914762.12 0.0315833
2914905.03 0.0314536
2915048.04 0.031336
2915190.97 0.0312305
2915333.75 0.0311371
2915476.54 0.0310554
2915619.61 0.030985
2915740.24 0.0309337
2915762.60 0.0309254
2915905.69 0.0308765
2916048.71 0.0308378
2916191.57 0.0308093
2916334.45 0.0307909
2916477.59 0.0307825
2916620.67 0.0307843
2916763.76 0.0307959
2916906.95 0.0308171
2917050.06 0.0308473
2917174.39 0.0308788
2917192.86 0.0308853
2917336.09 0.0309299
2917479.25 0.030979
2917622.42 0.0310305
2917765.69 0.0310816
2917908.72 0.0311296
2918051.77 0.0311716
2918195.08 0.0312048
2918338.33 0.0312269
2918481.59 0.0312361
2918609.95 0.0312313
2918624.94 0.0312313
2918768.06 0.0312126
2918911.53 0.0311807
2919054.50 0.0311376
2919197.92 0.0310864
2919341.26 0.0310308
2919484.70 0.0309755
2919627.90 0.0309252
2919771.45 0.0308851
2919914.51 0.0308598
2920046.93 0.0308534
2920058.01 0.0308533
2920201.44 0.0308686
2920344.96 0.0309075
2920488.25 0.0309702
2920631.89 0.0310551
2920775.03 0.0311593
2920918.53 0.0312779
2921062.12 0.0314048
2921205.73 0.0315331
2921349.10 0.0316548
2921485.66 0.031757
2921492.83 0.0317619
2921636.39 0.0318468
2921779.63 0.0319025
2921923.32 0.0319232
2922067.01 0.0319048
2922210.47 0.0318452
2922354.19 0.031744
2922497.93 0.0316032
2922641.25 0.0314269
2922785.02 0.0312207
2922925.38 0.0309969
2922928.80 0.030992
2923072.34 0.030749
2923216.14 0.0305008
2923359.97 0.0302564
2923503.72 0.0300243
2923647.14 0.0298124
2923791.09 0.0296271
2923934.72 0.0294734
2924078.61 0.0293543
2924222.52 0.0292711
2924366.35 0.0292233
2924366.52 0.029222
2924509.86 0.0292084
2924653.90 0.0292229
2924797.60 0.0292616
2924941.58 0.0293191
2925085.49 0.029389
2925229.50 0.0294654
2925373.09 0.0295422
2925517.21 0.0296145
2925661.00 0.0296777
2925805.07 0.0297286
2925809.35 0.0297287
2925949.06 0.029765
2926093.15 0.0297861
2926237.17 0.0297918
2926381.03 0.0297834
2926524.91 0.0297629
2926669.06 0.0297332
2926813.14 0.0296976
2926957.23 0.0296601
2927101.42 0.0296245
2927245.37 0.0295953
2927253.42 0.0295925
2927389.33 0.0295766
2927533.56 0.0295725
2927677.72 0.0295869
2927821.90 0.0296237
2927966.18 0.0296861
2928110.21 0.029777
2928254.26 0.0298991
2928398.58 0.0300539
2928542.82 0.0302428
2928687.08 0.0304659
2928699.35 0.0304863
2928831.45 0.0307226
2928975.56 0.0310112
2929119.70 0.0313291
2929264.02 0.0316724
2929408.43 0.0320363
2929552.78 0.032415
2929697.23 0.032802
2929841.43 0.0331901
2929985.99 0.0335722
2930130.05 0.0339409
2930146.19 0.0339787
2930274.56 0.0342897
2930418.99 0.0346127
2930563.52 0.0349052
2930707.81 0.0351641
2930852.46 0.0353881
2930996.60 0.0355777
2931141.19 0.0357354
2931285.71 0.0358654
2931430.33 0.0359738
2931574.70 0.0360678
2931594.47 0.0360782
2931719.43 0.0361557
2931863.66 0.036246
2932008.25 0.0363475
2932152.94 0.0364679
2932297.65 0.0366141
2932442.11 0.0367914
2932586.92 0.037003
2932731.58 0.0372501
2932875.91 0.0375317
2933020.69 0.0378445
2933044.17 0.0378987
2933165.48 0.0381835
2933310.02 0.038542
2933454.84 0.0389121
2933599.67 0.0392856
2933744.09 0.0396539
2933888.86 0.0400094
2934033.82 0.0403454
2934178.45 0.0406571
2934323.36 0.0409413
2934468.28 0.0411975
2934495.49 0.0412421
2934613.12 0.0414271
2934757.64 0.0416339
2934902.68 0.0418236
2935047.40 0.0420036
2935192.39 0.0421822
2935337.31 0.0423684
2935482.33 0.0425711
2935626.93 0.0427984
2935772.06 0.0430574
2935916.86 0.0433533
2935948.50 0.0434241
2936061.94 0.0436892
2936206.94 0.044066
2936352.04 0.0444823
2936497.08 0.0449341
2936641.95 0.0454156
2936786.84 0.045919
2936932.00 0.0464354
2937077.09 0.0469549
2937222.19 0.0474676
2937367.40 0.0479637
2937402.60 0.0480773
2937512.36 0.0484344
2937657.33 0.0488724
2937802.58 0.0492717
2937947.75 0.0496286
2938092.94 0.0499414
2938238.23 0.0502104
2938383.28 0.0504381
2938528.34 0.0506286
2938673.67 0.0507877
2938818.93 0.0509221
2938858.23 0.0509508
2938964.21 0.0510393
2939109.58 0.0511472
2939254.72 0.0512536
2939399.86 0.0513656
2939545.28 0.0514897
2939690.63 0.0516313
2939835.99 0.0517948
2939981.45 0.051983
2940126.67 0.0521978
2940271.90 0.0524395
2940315.13 0.0525168
2940417.32 0.0527079
2940562.84 0.0530013
2940708.29 0.0533179
2940853.84 0.0536552
2940999.15 0.0540105
2941144.81 0.0543812
2941289.97 0.054765
2941435.58 0.0551596
2941581.11 0.0555636
2941726.75 0.0559757
2941773.48 0.0561106
2941872.14 0.0563954
2942017.89 0.0568225
2942163.13 0.0572573
2942308.74 0.0577001
2942454.45 0.0581517
2942600.17 0.0586127
2942745.65 0.0590835
2942891.48 0.0595642
2943037.16 0.0600546
2943182.51 0.0605539
2943233.27 0.0607308
2943328.30 0.0610607
2943474.11 0.0615731
2943619.67 0.0620883
2943765.51 0.0626034
2943911.36 0.0631147
2944056.80 0.0636182
2944202.59 0.0641099
2944348.57 0.0645857
2944494.22 0.0650416
2944640.15 0.0654739
2944695.12 0.0656276
2944786.09 0.0658797
2944931.60 0.0662564
2945077.49 0.0666026
2945223.55 0.0669173
2945369.29 0.0672008
2945515.30 0.0674542
2945661.24 0.0676794
2945807.28 0.0678791
2945952.90 0.0680568
2946099.06 0.0682163
2946157.82 0.0682776
2946244.88 0.0683619
2946390.98 0.0684979
2946537.00 0.0686286
2946683.13 0.0687581
2946828.83 0.0688901
2946975.08 0.0690277
2947120.99 0.0691737
2947267.17 0.0693301
2947413.28 0.0694982
2947559.41 0.0696789
2947622.23 0.0697593
2947705.64 0.0698725
2947851.62 0.0700788
2947997.62 0.0702974
2948143.89 0.0705277
2948290.09 0.0707689
2948436.30 0.07102
2948582.62 0.0712804
2948728.69 0.0715494
2948874.77 0.0718262
2949021.13 0.0721102
2949087.83 0.0722341
2949167.41 0.0724009
2949313.71 0.0726976
2949460.12 0.0729997
2949606.27 0.0733063
2949752.44 0.0736165
2949898.89 0.073929
2950045.26 0.0742426
2950191.65 0.074556
2950338.14 0.0748679
2950484.38 0.075177
2950554.90 0.0753226
2950630.64 0.0754825
2950777.08 0.0757838
2950923.63 0.0760812
2951070.11 0.0763754
2951216.68 0.076668
2951363.01 0.0769612
2951509.36 0.0772582
2951655.89 0.0775627
2951802.53 0.0778788
2951949.09 0.0782107
2952023.86 0.0783902
2952095.75 0.0785628
2952242.17 0.0789387
2952388.95 0.0793414
2952535.22 0.0797726
2952681.86 0.0802328
2952828.59 0.0807206
2952975.34 0.0812329
2953121.85 0.0817646
2953268.72 0.0823088
2953415.08 0.0828573
2953493.93 0.0831507
2953561.80 0.0834005
2953708.62 0.0839279
2953855.46 0.084429
2954002.05 0.0848934
2954148.92 0.0853118
2954295.80 0.0856766
2954442.26 0.0859821
2954589.09 0.0862252
2954736.10 0.0864059
2954882.78 0.0865273
2954965.47 0.0865702
2955029.74 0.0865955
2955176.71 0.0866198
2955323.26 0.0866119
2955470.17 0.0865858
2955617.27 0.086557
2955764.04 0.0865419
2955911.08 0.0865568
2956058.05 0.0866171
2956205.12 0.0867367
2956351.77 0.0869272
2956438.48 0.0870766
2956498.96 0.0871973
2956645.82 0.0875522
2956792.95 0.0879937
2956940.00 0.0885196
2957087.17 0.0891244
2957233.90 0.089799
2957381.18 0.0905316
2957528.12 0.091308
2957675.34 0.0921127
2957822.49 0.092929
2957913.04 0.0934231
2957969.65 0.0937407
2958116.56 0.094532
2958263.93 0.095289
2958410.95 0.0959998
2958558.26 0.0966551
2958705.50 0.0972489
2958852.74 0.0977782
2959000.09 0.0982437
2959147.20 0.0986489
2959294.31 0.0990007
2959388.90 0.0991963
2959441.71 0.0993081
2959589.03 0.0995825
2959736.37 0.0998369
2959883.81 0.100085
2960030.82 0.10034
2960178.20 0.100617
2960325.69 0.100927
2960473.10 0.101283
2960620.52 0.101692
2960768.05 0.102162
2960866.67 0.10252
2960915.33 0.102698
2961062.62 0.103301
2961210.10 0.10397
2961357.69 0.104703
2961505.20 0.105494
2961652.82 0.106335
2961800.18 0.107218
2961947.56 0.108133
2962095.13 0.10907
2962242.81 0.110018
2962345.57 0.110678
2962390.41 0.110968
2962538.11 0.11191
2962685.57 0.112838
2962833.39 0.113744
2962980.70 0.114626
2963128.37 0.115482
2963276.15 0.116311
2963423.94 0.117114
2963571.48 0.117897
2963719.39 0.118662
2963825.94 0.119207
2963866.79 0.119417
2964014.55 0.120167
2964162.42 0.120917
2964310.30 0.121674
2964457.93 0.122441
2964605.84 0.123221
2964753.41 0.124015
2964901.26 0.124823
2965049.13 0.12564
2965197.18 0.126463
2965307.80 0.12708
2965344.90 0.127283
2965492.90 0.128094
2965640.91 0.128884
2965788.50 0.129646
2965936.46 0.130368
2966084.60 0.131043
2966232.41 0.131663
2966380.50 0.132222
2966528.51 0.132718
2966676.27 0.133149
2966791.22 0.133436
2966824.32 0.133521
2966972.55 0.133837
2967120.45 0.134109
2967268.62 0.134347
2967416.73 0.134566
2967564.93 0.134782
2967712.71 0.135014
2967861.03 0.13528
2968009.02 0.135598
2968157.28 0.135987
2968276.22 0.136358
2968305.47 0.136461
2968453.77 0.137036
2968601.63 0.137724
2968750.05 0.138533
2968898.12 0.139471
2969046.47 0.14054
2969194.75 0.14174
2969343.05 0.143069
2969491.44 0.14452
2969639.59 0.146085
2969762.53 0.147461
2969787.76 0.147755
2969936.20 0.149516
2970084.57 0.151356
2970232.95 0.153259
2970381.44 0.155212
2970529.50 0.157198
2970677.92 0.159201
2970826.45 0.161207
2970974.91 0.163201
2971123.38 0.165169
2971250.33 0.166819
2971271.96 0.167097
2971420.29 0.168974
2971568.63 0.170788
2971717.16 0.172531
2971865.79 0.174193
2972014.35 0.17577
2972163.02 0.177255
2972311.43 0.178648
2972459.86 0.179945
2972608.48 0.18115
2972739.62 0.182141
2972757.21 0.182264
2972905.86 0.183292
2973054.61 0.184239
2973203.11 0.185113
2973351.63 0.185923
2973500.34 0.186676
2973649.07 0.187382
2973797.90 0.188051
2973946.74 0.188691
2974095.33 0.189311
2974230.41 0.189865
2974244.29 0.189919
2974392.74 0.190523
2974541.55 0.19113
2974690.47 0.191743
2974839.40 0.19237
2974988.09 0.193014
2975137.05 0.193679
2975285.67 0.19437
2975434.57 0.195089
2975583.58 0.195841
2975722.86 0.196575
2975732.60 0.196629
2975881.37 0.197459
2976030.43 0.198333
2976179.49 0.199255
2976328.13 0.200231
2976477.14 0.201261
2976626.34 0.202348
2976775.20 0.203494
2976924.34 0.204695
2977073.50 0.20595
2977216.82 0.2072
2977222.23 0.207253
2977371.32 0.208595
2977520.61 0.209968
2977669.56 0.211359
2977818.79 0.212754
2977967.95 0.21414
2978116.86 0.2155
2978266.04 0.21682
2978415.42 0.218085
2978564.46 0.219285
2978712.10 0.220394
2978713.78 0.220408
2978863.03 0.22145
2979012.38 0.222406
2979161.30 0.223279
2979310.77 0.224075
2979459.90 0.224802
2979609.31 0.225475
2979758.65 0.22611
2979908.00 0.226726
2980057.10 0.227343
2980206.66 0.227985
2980208.88 0.227993
2980355.88 0.22867
2980505.38 0.229419
2980654.81 0.230248
2980804.25 0.231173
2980953.79 0.232202
2981102.91 0.233342
2981252.39 0.234593
2981401.98 0.235953
2981551.50 0.237412
2981701.03 0.238961
2981707.17 0.239027
2981850.67 0.240582
2981999.87 0.24226
2982149.45 0.243975
2982299.04 0.245707
2982448.74 0.247435
2982598.36 0.249141
2982748.08 0.250808
2982897.56 0.25242
2983047.05 0.253965
2983196.73 0.255433
2983206.96 0.255531
2983346.51 0.256819
2983496.22 0.258118
2983646.04 0.259331
2983795.60 0.260459
2983945.18 0.261507
2984094.95 0.262482
2984244.83 0.26339
2984394.63 0.26424
2984544.54 0.265041
2984694.19 0.2658
2984708.44 0.265871
2984843.86 0.266527
2984993.72 0.267228
2985143.60 0.26791
2985293.58 0.268578
2985443.57 0.269236
2985593.32 0.269885
2985743.43 0.270528
2985893.03 0.271164
2986043.00 0.271793
2986193.07 0.27241
2986211.44 0.272483
2986343.15 0.273014
2986492.99 0.273601
2986643.10 0.274166
2986792.70 0.274705
2986942.94 0.275216
2987093.01 0.275693
2987243.28 0.276135
2987393.20 0.276542
2987543.41 0.276913
2987693.63 0.277252
2987715.68 0.277296
2987843.42 0.277563
2987993.58 0.277854
2988143.94 0.278135
2988293.96 0.278416
2988444.25 0.278713
2988594.48 0.279042
2988744.45 0.279418
2988894.70 0.279861
2989045.15 0.280387
2989195.25 0.281015
2989221.52 0.281138
2989345.64 0.281758
2989495.96 0.28263
2989646.38 0.283641
2989796.36 0.284795
2989946.90 0.286095
2990097.10 0.287537
2990247.58 0.289112
2990397.98 0.290808
2990548.40 0.292606
2990698.57 0.294485
2990728.89 0.294874
2990849.20 0.296421
2990999.48 0.298386
2991150.05 0.300352
2991300.55 0.302292
2991451.06 0.304179
2991601.32 0.305989
2991751.86 0.3077
2991902.42 0.309296
2992053.08 0.310766
2992203.66 0.312102
2992237.78 0.312388
2992354.27 0.313304
2992504.97 0.314374
2992655.25 0.315323
2992805.89 0.316162
2992956.65 0.316907
2993107.32 0.317578
2993258.02 0.318193
2993408.81 0.318772
2993559.18 0.319333
2993709.92 0.319893
2993748.45 0.32004
2993860.67 0.320466
2994011.53 0.321062
2994162.31 0.321688
2994313.20 0.322347
2994463.84 0.323038
2994614.49 0.323755
2994765.33 0.324492
2994916.28 0.325238
2995067.15 0.325982
2995218.13 0.326711
2995260.48 0.32691
2995368.86 0.327413
2995519.60 0.328076
2995670.54 0.328691
2995821.49 0.32925
2995972.54 0.329746
2996123.62 0.330179
2996274.43 0.330549
2996425.62 0.330859
2996576.29 0.331115
2996727.33 0.331326
2996773.94 0.331381
2996878.48 0.331504
2997029.64 0.33166
2997180.55 0.331808
2997331.75 0.331962
2997482.41 0.332137
2997633.73 0.332345
2997784.88 0.3326
2997936.22 0.332915
2998087.22 0.3333
2998238.50 0.333766
2998288.94 0.333945
2998389.27 0.334319
2998540.67 0.334967
2998691.91 0.335714
2998843.35 0.336564
2998994.44 0.337519
2999145.81 0.338577
2999297.11 0.339737
2999448.16 0.340994
2999599.49 0.342344
2999751.02 0.343777
2999805.46 0.344318
2999902.20 0.345284
3000053.67 0.346853
3000205.06 0.34847
3000356.20 0.35012
3000507.63 0.351786
3000659.24 0.353448
3000810.52 0.35509
3000962.08 0.356691
3001113.56 0.358232
3001265.06 0.359697
3001323.88 0.360242
3001416.31 0.361069
3001568.02 0.362333
3001719.38 0.36348
3001871.04 0.3645
3002022.61 0.365389
3002174.20 0.366146
3002325.54 0.366775
3002477.16 0.367283
3002628.80 0.367679
3002780.54 0.367978
3002843.39 0.368079
3002932.21 0.368194
3003083.90 0.368346
3003235.69 0.368451
3003387.04 0.36853
3003538.77 0.368598
3003690.60 0.368674
3003842.36 0.368772
3003994.14 0.368903
3004146.02 0.369076
3004297.47 0.369296
3004364.44 0.369409
3004449.29 0.369566
3004601.13 0.369883
3004753.07 0.370242
3004904.94 0.370636
3005056.91 0.371056
3005208.45 0.371489
3005360.36 0.371923
3005512.29 0.372346
3005664.32 0.372744
3005816.28 0.373106
3005887.30 0.373254
3005968.35 0.373421
3006120.16 0.373682
3006271.99 0.373881
3006424.01 0.374015
3006576.04 0.374082
3006728.19 0.374084
3006880.34 0.374022
3007032.25 0.373902
3007184.16 0.37373
3007336.28 0.373515
3007411.53 0.373393
3007488.41 0.373264
3007640.64 0.372988
3007792.89 0.372696
3007944.88 0.372399
3008097.17 0.372104
3008248.92 0.371822
3008401.32 0.37156
3008553.56 0.371326
3008705.99 0.371126
3008858.08 0.370966
3008937.30 0.3709
3009010.45 0.370848
3009162.30 0.370776
3009314.79 0.370753
3009467.12 0.370778
3009619.65 0.370851
3009771.83 0.37097
3009924.29 0.371134
3010076.68 0.371338
3010228.82 0.371578
3010381.24 0.37185
3010464.98 0.372014
3010533.86 0.372148
3010686.13 0.372467
3010838.69 0.372801
3010991.17 0.373145
3011143.40 0.373494
3011295.91 0.373844
3011448.62 0.374192
3011600.99 0.374536
3011753.64 0.374875
3011906.22 0.375209
3011993.76 0.375401
3012058.54 0.37554
3012211.14 0.37587
3012363.95 0.376204
3012516.40 0.376545
3012669.15 0.376898
3012821.82 0.377267
3012974.50 0.377658
3013126.93 0.378072
3013279.83 0.378512
3013432.37 0.378979
3013524.09 0.379271
3013585.21 0.379471
3013737.97 0.379986
3013890.75 0.380519
3014043.27 0.381062
3014196.08 0.381608
3014348.90 0.382147
3014501.83 0.382669
3014654.69 0.383162
3014807.56 0.383616
3014960.54 0.384022
3015056.17 0.384242
3015113.07 0.38437
3015265.99 0.384654
3015418.92 0.38487
3015571.96 0.385018
3015724.92 0.385098
3015877.99 0.385115
3016030.63 0.385078
3016183.63 0.384996
3016336.66 0.384884
3016489.79 0.384756
3016589.70 0.384666
3016642.85 0.384628
3016796.01 0.384519
3016948.74 0.384444
3017101.84 0.384421
3017254.96 0.384464
3017408.09 0.384587
3017561.33 0.3848
3017714.59 0.385111
3017867.59 0.385523
3018020.60 0.386038
3018125.17 0.386449
3018173.81 0.386654
3018327.04 0.387365
3018480.37 0.388163
3018633.72 0.389038
3018786.82 0.389977
3018939.92 0.390968
3019093.23 0.391997
3019246.55 0.393049
3019399.89 0.394112
3019553.42 0.395173
3019661.92 0.39592
3019706.61 0.396223
3019860.08 0.397253
3020013.02 0.398257
3020166.62 0.39923
3020320.05 0.400172
3020473.68 0.401084
3020626.96 0.401967
3020780.52 0.402825
3020933.56 0.403664
3021087.25 0.40449
3021200.06 0.4051
3021240.77 0.405309
3021394.49 0.406127
3021547.87 0.40695
3021701.53 0.407782
3021855.11 0.408625
3022008.44 0.409483
3022162.06 0.410356
3022315.87 0.411241
3022469.34 0.412138
3022623.09 0.413041
3022739.77 0.41373
3022776.77 0.413948
3022930.20 0.414851
3023083.91 0.415746
3023237.82 0.416629
3023391.37 0.417494
3023545.22 0.418338
3023699.00 0.419161
3023852.79 0.41996
3024006.32 0.420739
3024160.32 0.421501
3024281.05 0.422084
3024313.97 0.422251
3024467.92 0.422996
3024621.78 0.423745
3024775.67 0.424509
3024929.29 0.425296
3025083.20 0.426118
3025237.13 0.426984
3025391.17 0.427906
3025545.13 0.42889
3025699.11 0.429944
3025824.17 0.430856
3025852.83 0.431073
3026006.83 0.432278
3026160.86 0.433561
3026314.90 0.434919
3026469.04 0.436348
3026623.12 0.437842
3026777.29 0.439394
3026931.03 0.440994
3027085.15 0.442634
3027239.28 0.444302
3027369.05 0.445721
3027393.52 0.44599
3027547.69 0.447686
3027701.96 0.449384
3027855.79 0.451075
3028010.00 0.452753
3028164.23 0.454413
3028318.47 0.45605
3028472.82 0.457662
3028627.19 0.459247
3028781.30 0.460803
3028915.24 0.462131
3028935.42 0.462329
3029089.74 0.463823
3029244.08 0.465282
3029398.53 0.466704
3029552.99 0.468085
3029707.19 0.469419
3029861.41 0.470702
3030015.82 0.471926
3030170.25 0.473084
3030324.79 0.474167
3030462.82 0.475066
3030479.35 0.475168
3030633.64 0.47608
3030788.23 0.476897
3030942.28 0.477613
3031096.99 0.478226
3031251.54 0.478735
3031406.28 0.479144
3031560.67 0.479457
3031715.35 0.479682
3031869.50 0.47983
3032011.98 0.479909
3032024.30 0.479914
3032178.94 0.479951
3032333.78 0.479956
3032488.26 0.47995
3032643.04 0.479951
3032797.28 0.479979
3032952.18 0.480051
3033106.91 0.480186
3033261.84 0.480399
3033416.42 0.480704
3033562.73 0.481086
3033571.29 0.481111
3033726.08 0.481627
3033880.62 0.482259
3034035.45 0.483007
3034190.47 0.483872
3034345.15 0.48485
3034500.11 0.485934
3034655.00 0.487119
3034809.63 0.488393
3034964.55 0.489748
3035115.62 0.491132
3035119.67 0.491173
3035274.44 0.492655
3035429.50 0.494185
3035584.49 0.495752
3035739.49 0.497345
3035894.23 0.498957
3036049.26 0.500579
3036204.31 0.502204
3036359.46 0.503826
3036514.54 0.50544
3036669.64 0.507044
3036669.64 0.507044
3036824.47 0.508632
3036979.60 0.510203
3037134.74 0.511755
3037289.90 0.513284
3037445.17 0.514789
3037600.36 0.516266
3037755.29 0.517711
3037910.51 0.519122
3038065.75 0.520492
3038221.00 0.521816
3038225.43 0.521853
3038376.36 0.523087
3038531.65 0.524296
3038687.04 0.525436
3038841.99 0.526497
3038997.33 0.52747
3039152.67 0.528347
3039308.13 0.529118
3039463.51 0.529777
3039619.00 0.530318
3039774.05 0.530737
3039782.55 0.530757
3041341.26 0.529711
3042901.56 0.533723
3044464.03 0.548488
3046027.64 0.55761
3047592.86 0.564819
3049159.77 0.571875
3050728.12 0.575468
3052298.45 0.57536
3053870.12 0.574463
3055443.40 0.577521
3057018.31 0.577737
3058595.03 0.586558
3060173.10 0.598859
3061753.17 0.602038
3063334.60 0.605769
3064917.65 0.611882
3066502.35 0.622119
3068088.68 0.634718
3069677.03 0.64831
3071266.65 0.649735
3072857.92 0.645416
3074450.84 0.64957
3076045.32 0.653394
3077641.54 0.656816
3079239.80 0.659251
3080839.35 0.667357
3082440.55 0.678256
3084043.42 0.683493
3085647.96 0.682817
3087254.46 0.681769
3088862.24 0.687032
3090471.99 0.700055
3092083.23 0.70744
3093696.15 0.704372
3095310.75 0.702473
3096927.32 0.702681
3098545.20 0.707675
3100164.97 0.720978
3101786.33 0.723088
3103409.39 0.722708
3105034.63 0.732022
3106660.99 0.736253
3108289.06 0.737814
3109919.03 0.742076
3111550.61 0.738125
3113183.91 0.743479
3114819.41 0.756753
3116456.04 0.763182
3118094.40 0.764844
3119734.47 0.765036
3121376.47 0.769079
3123020.49 0.766695
3124666.05 0.763552
3126313.05 0.764228
3127961.79 0.769727
3129612.56 0.78183
3131264.88 0.78797
3132918.94 0.781157
3134574.95 0.771741
3136232.51 0.774434
3137891.83 0.793868
3139553.10 0.80969
3141215.94 0.811259
3142880.53 0.800615
3144547.00 0.781815
3146215.13 0.779014
3147885.22 0.797706
3149556.90 0.80255
3151230.35 0.797106
3152905.78 0.798505
3154582.79 0.799818
3156261.59 0.804107
3157942.27 0.805781
3159624.75 0.800661
3161308.92 0.806567
3162995.08 0.816026
3164682.85 0.813747
3166372.62 0.811606
3168063.89 0.81926
3169757.07 0.824328
3171452.26 0.8245
3173149.07 0.827556
3174847.69 0.83947
3176548.33 0.85241
3178250.60 0.853109
3179954.58 0.853612
3181660.81 0.854142
3183368.55 0.841617
3185078.34 0.843017
3186789.76 0.862992
3188503.02 0.877275
3190218.23 0.877444
3191935.18 0.849721
3193653.98 0.829323
3195374.84 0.837999
3197097.34 0.851835
3198821.81 0.859277
3200548.14 0.861984
3202276.23 0.849363
3204006.39 0.838707
3205738.22 0.849022
3207471.92 0.862712
3209207.60 0.867907
3210945.16 0.876396
3212684.50 0.871779
3214425.83 0.854626
3216168.94 0.847841
3217913.95 0.850995
3219661.05 0.85648
3221409.85 0.862685
3223160.55 0.862506
3224913.36 0.854078
3226667.87 0.840902
3228424.50 0.839465
3230182.83 0.851479
3231942.97 0.86627
3233705.46 0.881028
3235469.55 0.87606
3237235.56 0.871379
3239003.62 0.89456
3240773.60 0.913001
3242545.31 0.912501
3244319.27 0.909507
3246094.96 0.902795
3247872.81 0.903302
3247982.52 0.903955
3248159.76 0.90557
3248337.34 0.907477
3248514.83 0.909598
3248692.34 0.911888
3248869.65 0.914294
3249047.20 0.916759
3249224.87 0.919224
3249402.35 0.921635
3249579.85 0.923936
3249652.40 0.924839
3249757.58 0.926081
3249935.02 0.928027
3250112.68 0.929744
3250290.47 0.931207
3250467.96 0.932404
3250645.68 0.93333
3250823.53 0.933991
3251001.08 0.934398
3251178.86 0.93457
3251356.66 0.934529
3251433.94 0.934448
3251534.48 0.934302
3251712.21 0.933915
3251890.07 0.933395
3252068.06 0.932768
3252245.74 0.932057
3252423.66 0.931281
3252601.59 0.930459
3252779.44 0.929603
3252957.42 0.928726
3253135.52 0.927837
3253217.64 0.927425
3253313.32 0.926945
3253491.35 0.926058
3253669.41 0.925184
3253847.27 0.924332
3254025.47 0.923516
3254203.58 0.922747
3254381.81 0.922041
3254559.75 0.921415
3254737.92 0.920888
3254916.22 0.920478
3255003.09 0.920334
3255094.21 0.920204
3255272.44 0.920085
3255450.80 0.920135
3255628.85 0.920369
3255807.14 0.920796
3255985.55 0.92142
3256163.67 0.922243
3256342.01 0.923259
3256520.38 0.924459
3256698.87 0.925828
3256790.51 0.926593
3256877.06 0.927345
3257055.48 0.928988
3257234.03 0.93073
3257412.28 0.932538
3257590.76 0.93438
3257769.37 0.936221
3257947.68 0.938027
3258126.22 0.939762
3258304.89 0.941391
3258483.26 0.942882
3258580.09 0.943603
3258661.86 0.944205
3258840.58 0.945331
3259019.01 0.946239
3259197.67 0.946909
3259376.35 0.947328
3259555.15 0.947488
3259733.65 0.947388
3259912.50 0.947032
3260091.25 0.946432
3260269.82 0.945606
3260371.44 0.945038
3260448.61 0.944577
3260627.53 0.943373
3260806.16 0.942029
3260985.12 0.94058
3261163.99 0.939065
3261342.67 0.937523
3261521.59 0.935991
3261700.52 0.934506
3261879.58 0.933099
3262058.44 0.931797
3262164.86 0.931095
3262237.33 0.930621
3262416.45 0.929584
3262595.27 0.928694
3262774.32 0.927952
3262953.49 0.927351
3263132.37 0.926882
3263311.48 0.926528
3263490.72 0.926273
3263669.65 0.926097
3263848.82 0.925981
3263960.15 0.92594
3264028.01 0.925909
3264207.11 0.925866
3264386.34 0.925843
3264565.59 0.925835
3264744.96 0.925841
3264924.03 0.925865
3265103.34 0.925916
3265282.67 0.926006
3265461.90 0.926147
3265641.27 0.926353
3265757.41 0.926533
3265820.76 0.926638
3265999.95 0.927011
3266179.38 0.927479
3266358.82 0.928043
3266538.07 0.928701
3266717.66 0.929441
3266897.17 0.930249
3267076.58 0.931101
3267256.13 0.931974
3267435.69 0.932836
3267556.87 0.933386
3267615.38 0.933656
3267794.77 0.934401
3267974.39 0.935039
3268154.14 0.935541
3268333.59 0.935881
3268513.27 0.936037
3268693.08 0.935995
3268872.58 0.935744
3269052.32 0.935283
3269232.08 0.934615
3269358.10 0.934016
3269411.76 0.93375
3269591.56 0.932704
3269771.38 0.931497
3269951.11 0.930154
3270130.97 0.928704
3270310.85 0.927178
3270490.85 0.925606
3270670.56 0.924023
3270850.49 0.922462
3271030.56 0.920955
3271161.31 0.919914
3271210.32 0.919533
3271390.32 0.918228
3271570.45 0.917065
3271750.27 0.91607
3271930.33 0.915264
3272110.40 0.914663
3272290.39 0.914281
3272470.51 0.914124
3272650.75 0.914195
3272830.69 0.914489
3272966.73 0.914867
3273010.87 0.914997
3273191.07 0.915702
3273371.39 0.916581
3273551.41 0.917608
3273731.77 0.918751
3273912.05 0.919975
3274092.13 0.921242
3274272.44 0.922514
3274452.78 0.923756
3274633.03 0.924934
3274773.93 0.92579
3274813.51 0.926017
3274993.79 0.926981
3275174.10 0.927809
3275354.54 0.928491
3275534.99 0.929022
3275715.57 0.929406
3275895.85 0.929653
3276076.36 0.929778
3276257.00 0.929801
3276437.34 0.929741
3276583.13 0.929641
3276617.92 0.92962
3276798.62 0.929456
3276979.02 0.929267
3277159.65 0.929062
3277340.30 0.928848
3277520.87 0.928624
3277701.56 0.928382
3277882.27 0.92811
3278062.90 0.927791
3278243.65 0.927403
3278394.54 0.927008
3278424.42 0.926926
3278605.32 0.926335
3278785.92 0.925614
3278966.75 0.924747
3279147.61 0.923724
3279328.26 0.922545
3279509.26 0.921217
3279690.17 0.919755
3279871.00 0.918183
3280051.95 0.916532
3280207.74 0.915076
3280232.92 0.91484
3280413.70 0.913147
3280594.82 0.911499
3280775.85 0.909941
3280957.01 0.908514
3281137.87 0.907258
3281318.96 0.906207
3281500.18 0.905388
3281681.09 0.904819
3281862.25 0.904511
3282023.17 0.904459
3282043.53 0.904468
3282224.50 0.904685
3282405.71 0.90515
3282586.95 0.905847
3282768.09 0.906755
3282949.36 0.907852
3283130.65 0.909112
3283311.86 0.910512
3283493.19 0.912029
3283674.54 0.91364
3283840.39 0.915179
3283856.02 0.915328
3284037.20 0.917075
3284218.61 0.918866
3284400.15 0.920687
3284581.39 0.922529
3284762.86 0.924377
3284944.35 0.926221
3285125.76 0.928046
3285307.29 0.92984
3285488.95 0.931585
3285659.51 0.933168
3285670.30 0.933265
3285851.90 0.934862
3286033.51 0.936355
3286215.25 0.937726
3286396.69 0.938956
3286578.47 0.940027
3286760.16 0.940926
3286941.66 0.94164
3287123.39 0.942162
3287305.25 0.942487
3287480.97 0.942615
3287486.81 0.942617
3287668.71 0.942557
3287850.42 0.942313
3288032.14 0.941899
3288214.00 0.941327
3288395.87 0.940616
3288577.65 0.93978
3288759.68 0.938839
3288941.50 0.937808
3289123.57 0.936704
3289304.24 0.935548
3289305.32 0.935541
3289487.32 0.934333
3289669.44 0.93309
3289851.26 0.931822
3290033.31 0.930539
3290215.39 0.929249
3290397.38 0.927959
3290579.49 0.926678
3290761.63 0.925413
3290943.68 0.924174
3291125.85 0.922971
3291129.53 0.922944
3291308.05 0.921815
3291490.16 0.920718
3291672.39 0.919694
3291854.65 0.918754
3292036.92 0.917911
3292219.00 0.917179
3292401.43 0.916567
3292583.88 0.916086
3292766.02 0.915744
3292948.39 0.915546
3292957.07 0.915539
3293130.79 0.915496
3293312.99 0.915595
3293495.54 0.915841
3293678.00 0.91623
3293860.37 0.916758
3294042.87 0.917414
3294225.39 0.91819
3294407.71 0.919073
3294590.38 0.920049
3294772.96 0.921103
3294786.53 0.921187
3294955.67 0.922216
3295138.07 0.923372
3295320.71 0.924548
3295503.37 0.925723
3295685.94 0.926873
3295868.65 0.927973
3296051.37 0.928998
3296234.00 0.929921
3296416.76 0.930717
3296599.54 0.931361
3296617.80 0.931414
3296782.24 0.931829
3296965.06 0.9321
3297147.90 0.932157
3297330.66 0.931988
3297513.54 0.931584
3297696.45 0.930945
3297879.48 0.930075
3298062.21 0.928986
3298245.17 0.927696
3298428.27 0.926233
3298451.44 0.926034
3298611.05 0.924626
3298794.08 0.922915
3298977.13 0.921141
3299160.08 0.919349
3299343.17 0.917586
3299526.39 0.915903
3299709.30 0.914345
3299892.44 0.912958
3300075.61 0.911785
3300258.91 0.910862
3300286.90 0.910746
3300441.90 0.91022
3300625.24 0.909886
3300808.38 0.909875
3300991.54 0.910199
3301174.83 0.910859
3301358.14 0.91185
3301541.36 0.913159
3301724.82 0.914767
3301908.08 0.916647
3302091.37 0.918767
3302124.62 0.919171
3302274.78 0.921092
3302458.21 0.923582
3302641.56 0.926194
3302825.03 0.928886
3303008.52 0.931615
3303192.15 0.934339
3303375.46 0.937019
3303559.02 0.939619
3303742.59 0.942109
3303926.08 0.944464
3303964.18 0.94493
3304109.69 0.946666
3304293.33 0.948704
3304476.88 0.950573
3304660.56 0.952277
3304844.25 0.953826
3305027.86 0.955237
3305211.60 0.956531
3305395.36 0.957734
3305579.25 0.958876
3305762.83 0.959986
3305805.78 0.960245
3305946.65 0.961093
3306130.49 0.962224
3306314.13 0.963401
3306498.13 0.964643
3306682.03 0.965961
3306865.84 0.967357
3307049.78 0.968829
3307233.75 0.970364
3307417.51 0.971944
3307601.63 0.973544
3307649.65 0.973967
3307785.65 0.975133
3307969.59 0.97668
3308153.65 0.978148
3308337.74 0.979505
3308521.96 0.980719
3308705.86 0.981763
3308890.01 0.982616
3309074.18 0.983267
3309258.26 0.98371
3309442.47 0.98395
3309495.37 0.983974
3309626.70 0.984
3309810.84 0.983883
3309995.11 0.983629
3310179.40 0.983274
3310363.60 0.982858
3310547.94 0.982425
3310732.29 0.982018
3310916.55 0.981681
3311100.95 0.981452
3311285.36 0.981365
3311343.15 0.981372
3311469.91 0.981448
3311654.14 0.981721
3311838.62 0.982196
3312023.11 0.982874
3312207.52 0.98375
3312392.06 0.98481
3312576.73 0.98603
3312761.09 0.987383
3312945.69 0.988834
3313130.31 0.990344
3313193.10 0.990861
3313314.84 0.991873
3313499.50 0.993378
3313684.29 0.994817
3313868.77 0.996149
3314053.50 0.997334
3314238.24 0.998338
3314423.00 0.99913
3314607.68 0.999683
3314792.59 0.999978
3314977.31 1
3315045.00 0.999915
3315162.05 0.999741
3315346.91 0.999199
3315531.80 0.998381
3315716.60 0.997297
3315901.53 0.995967
3316086.48 0.994414
3316271.34 0.992669
3316456.33 0.990769
3316641.34 0.988751
3316826.37 0.98666
3316898.98 0.985835
3317011.32 0.984543
3317196.39 0.982445
3317381.48 0.980415
3317566.49 0.978498
3317751.62 0.976737
3317936.78 0.975171
3318121.85 0.973833
3318307.04 0.97275
3318492.26 0.971942
3318677.39 0.97142
3318755.26 0.971321
3318862.65 0.971185
3319047.93 0.971233
3319233.12 0.971548
3319418.33 0.97211
3319603.78 0.972888
3319789.15 0.973848
3319974.42 0.974953
3320159.82 0.976162
3320345.25 0.977431
3320530.47 0.97872
3320613.39 0.979286
3320716.05 0.979989
3320901.54 0.981204
3321086.94 0.982331
3321272.46 0.983346
3321458.01 0.984228
3321643.36 0.984962
3321829.06 0.985539
3322014.68 0.985957
3322200.20 0.986215
3322385.85 0.986318
3322473.83 0.986299
3322571.52 0.986272
3322757.22 0.986085
3322942.82 0.985766
3323128.56 0.985321
3323314.32 0.984757
3323499.98 0.984076
3323685.78 0.983281
3323871.60 0.982368
3324057.33 0.981336
3324243.19 0.980178
3324336.13 0.979539
3324429.07 0.978888
3324614.86 0.977459
3324800.79 0.975886
3324986.73 0.974166
3325172.69 0.972297
3325358.57 0.970282
3325544.58 0.968131
3325730.71 0.965856
3325916.54 0.963477
3326102.61 0.961017
3326200.52 0.9597
3326288.70 0.958507
3326474.70 0.955981
3326660.83 0.953477
3326847.09 0.951034
3327033.04 0.948696
3327219.24 0.946505
3327405.45 0.9445
3327591.57 0.94272
3327777.83 0.941199
3327964.22 0.939966
3328067.22 0.939437
3328150.40 0.939043
3328336.61 0.938446
3328522.95 0.938184
3328709.31 0.938258
3328895.58 0.938661
3329081.98 0.93938
3329268.41 0.940395
3329454.74 0.941678
3329641.21 0.943197
3329827.69 0.944914
3329935.69 0.945989
3330014.09 0.946788
3330200.61 0.948774
3330387.16 0.950826
3330573.73 0.952896
3330760.21 0.954935
3330946.82 0.956896
3331133.45 0.958734
3331319.99 0.960405
3331506.67 0.961871
3331693.36 0.963098
3331806.48 0.9637
3331879.97 0.964058
3332066.70 0.964729
3332253.46 0.965101
3332440.13 0.96517
3332626.82 0.964942
3332813.75 0.964434
3333000.48 0.963673
3333187.34 0.962696
3333374.22 0.961551
3333561.13 0.960293
3333679.48 0.959462
3333747.83 0.958983
3333934.89 0.957688
3334121.85 0.956477
3334308.73 0.955419
3334495.74 0.954579
3334682.77 0.954016
3334869.60 0.953779
3335056.78 0.953905
3335243.87 0.954418
3335430.87 0.955323
3335554.37 0.956148
3335618.01 0.95661
3335805.16 0.958251
3335992.12 0.9602
3336179.43 0.962395
3336366.65 0.964761
3336553.89 0.967212
3336741.04 0.969655
3336928.32 0.971993
3337115.62 0.974132
3337302.83 0.97598
3337431.37 0.977022
3337490.18 0.977456
3337677.54 0.978494
3337864.82 0.979042
3338052.23 0.979066
3338239.66 0.978553
3338426.99 0.977509
3338614.46 0.97596
3338801.96 0.97395
3338989.25 0.971539
3339176.89 0.968797
3339310.70 0.966677
3339364.45 0.965806
3339552.02 0.96265
3339739.51 0.959414
3339927.13 0.956182
3340114.88 0.953028
3340302.32 0.950018
3340490.00 0.947206
3340677.70 0.944632
3340865.31 0.942321
3341053.06 0.940286
3341191.82 0.938971
3341240.94 0.938523
3341428.50 0.93702
3341616.31 0.935753
3341804.14 0.93469
3341991.77 0.933796
3342179.75 0.933032
3342367.64 0.932361
3342555.56 0.931746
3342743.38 0.931156
3342931.33 0.930564
3343075.39 0.93009
3343119.31 0.929949
3343307.20 0.929299
3343495.22 0.928604
3343683.26 0.927864
3343871.21 0.927082
3344059.29 0.926265
3344247.40 0.925424
3344435.30 0.924572
3344623.56 0.923722
3344811.72 0.922887
3344960.86 0.922245
3344999.91 0.922083
3345188.01 0.92132
3345376.24 0.92061
3345564.49 0.919963
3345752.66 0.919388
3345940.84 0.91889
3346129.27 0.918475
3346317.49 0.918147
3346505.85 0.917907
3346694.23 0.917756
3346848.47 0.917702
3346882.52 0.91769
3347070.83 0.917707
3347259.38 0.917797
3347447.62 0.917953
3347636.22 0.918159
3347824.73 0.9184
3348013.26 0.918656
3348201.58 0.918905
3348390.26 0.919122
3348578.85 0.919282
3348738.42 0.919355
3348767.36 0.919358
3348955.99 0.919325
3349144.65 0.919159
3349333.10 0.918841
3349521.91 0.918356
3349710.63 0.917692
3349899.14 0.916845
3350088.02 0.915819
3350276.80 0.914623
3350465.60 0.913271
3350630.40 0.911977
3350654.32 0.911785
3350843.16 0.910189
3351032.03 0.908512
3351220.81 0.906784
3351409.72 0.905034
3351598.65 0.903289
3351787.49 0.901573
3351976.47 0.899906
3352165.46 0.8983
3352354.37 0.896764
3352524.30 0.895436
3352543.41 0.895297
3352732.47 0.893896
3352921.32 0.892549
3353110.54 0.891242
3353299.66 0.889958
3353488.92 0.888679
3353677.86 0.887388
3353867.05 0.886069
3354056.26 0.884713
3354245.38 0.883312
3354420.68 0.881974
3354434.63 0.881867
3354624.01 0.880386
3354813.08 0.878881
3355002.40 0.877372
3355191.74 0.875885
3355380.87 0.874447
3355570.36 0.873092
3355759.76 0.871851
3355949.07 0.870756
3356138.52 0.869838
3356318.97 0.86915
3356327.98 0.869121
3356517.47 0.868628
3356706.87 0.868371
3356896.40 0.86836
3357085.95 0.868595
3357275.41 0.869071
3357465.00 0.869774
3357654.62 0.870689
3357844.14 0.871792
3358033.80 0.873059
3358219.42 0.874429
3358223.48 0.874462
3358412.95 0.875973
3358602.79 0.877564
3358792.53 0.879208
3358982.30 0.880882
3359171.97 0.882562
3359361.67 0.88423
3359551.61 0.885869
3359741.35 0.887466
3359931.22 0.889008
3360121.11 0.890487
3360122.24 0.890494
3360310.92 0.891894
3360500.74 0.89322
3360690.81 0.894459
3360880.57 0.895601
3361070.68 0.896639
3361260.70 0.897562
3361450.52 0.898361
3361640.59 0.899026
3361830.79 0.899546
3362020.90 0.899911
3362027.00 0.899919
3362210.91 0.900115
3362401.07 0.900152
3362591.24 0.900019
3362781.21 0.899718
3362971.54 0.899255
3363161.78 0.898641
3363351.92 0.897892
3363542.20 0.89703
3363732.51 0.896082
3363922.60 0.895079
3363934.15 0.895015
3364113.06 0.894056
3364303.43 0.893051
3364493.59 0.892102
3364684.11 0.891249
3364874.55 0.890529
3365065.00 0.889977
3365255.36 0.889624
3365445.86 0.889494
3365636.37 0.889604
3365826.80 0.889965
3365843.11 0.890009
3366017.36 0.890578
3366207.94 0.891437
3366398.32 0.892526
3366589.06 0.893822
3366779.71 0.895297
3366970.15 0.896915
3367160.95 0.898637
3367351.67 0.900421
3367542.17 0.902227
3367733.04 0.904013
3367754.36 0.904215
3367923.82 0.90574
3368114.73 0.907376
3368305.32 0.908892
3368496.17 0.910267
3368687.03 0.911487
3368877.80 0.912545
3369068.71 0.913443
3369259.75 0.914186
3369450.47 0.91479
3369641.44 0.915273
3369668.01 0.915326
3369832.44 0.915658
3370023.23 0.915971
3370214.38 0.916238
3370405.43 0.916487
3370596.51 0.916743
3370787.50 0.917031
3370978.62 0.917372
3371169.77 0.917784
3371360.82 0.91828
3371552.01 0.918872
3371583.61 0.91898
3371743.22 0.919566
3371934.22 0.920365
3372125.59 0.921268
3372316.87 0.922272
3372507.94 0.923371
3372699.37 0.924555
3372890.71 0.925814
3373081.84 0.927135
3373273.34 0.928502
3373464.74 0.929898
3373501.39 0.930171
3373656.17 0.931304
3373847.51 0.932699
3374038.86 0.934063
3374230.47 0.935371
3374421.87 0.9366
3374613.40 0.937726
3374804.96 0.938725
3374996.31 0.939576
3375187.91 0.940259
3375379.65 0.940757
3375421.58 0.940837
3375571.07 0.941057
3375762.85 0.941152
3375954.53 0.941038
3376146.24 0.940719
3376337.75 0.940203
3376529.61 0.939504
3376721.39 0.938641
3376913.07 0.937635
3377104.89 0.936512
3377296.73 0.935299
3377343.72 0.934998
3377488.36 0.934021
3377680.36 0.932703
3377872.27 0.931367
3378063.97 0.930028
3378256.03 0.928697
3378448.00 0.927381
3378639.77 0.926079
3378831.90 0.924782
3379023.93 0.92348
3379215.99 0.922157
3379268.06 0.921784
3379407.96 0.920792
3379600.06 0.919368
3379792.18 0.917865
3379984.10 0.916267
3380176.38 0.914564
3380368.57 0.912751
3380560.55 0.910829
3380752.90 0.908809
3380945.16 0.906708
3381137.20 0.904554
3381194.82 0.903892
3381329.62 0.902379
3381521.94 0.900221
3381714.05 0.898123
3381906.53 0.896131
3382098.92 0.894289
3382291.32 0.89264
3382483.64 0.891223
3382676.09 0.89007
3382868.68 0.889207
3383060.95 0.888651
3383123.55 0.888553
3383253.46 0.888409
3383446.00 0.88848
3383638.34 0.88885
3383831.03 0.889499
3384023.64 0.890399
3384216.15 0.891514
3384408.80 0.892801
3384601.47 0.894214
3384793.94 0.895705
3384986.76 0.897222
3385054.71 0.897757
3385179.50 0.898716
3385372.26 0.900138
3385564.81 0.901439
3385757.73 0.902577
3385950.55 0.903513
3386143.17 0.904213
3386336.15 0.904648
3386529.04 0.904797
3386721.73 0.904646
3386914.78 0.904189
3386987.74 0.903925
3387107.73 0.903426
3387300.48 0.902368
3387493.60 0.901034
3387686.50 0.89945
3387879.66 0.89765
3388072.62 0.895678
3388265.70 0.89358
3388458.81 0.891412
3388651.72 0.889229
3388844.87 0.88709
3388923.20 0.886256
3389038.16 0.885053
3389231.13 0.883173
3389424.47 0.8815
3389617.71 0.880077
3389810.74 0.878938
3390004.03 0.878108
3390197.45 0.877596
3390390.56 0.877405
3390584.02 0.877521
3390777.40 0.877921
3390860.99 0.878175
3390970.79 0.878571
3391163.98 0.879429
3391357.54 0.880448
3391551.00 0.881575
3391744.26 0.882759
3391937.88 0.883948
3392131.41 0.885097
3392324.73 0.886167
3392518.42 0.887127
3392712.01 0.887958
3392800.76 0.888277
3392905.40 0.888649
3393099.16 0.8892
3393292.82 0.889622
3393486.50 0.889935
3393680.09 0.890164
3393873.82 0.890341
3394067.57 0.890499
3394261.11 0.890673
3394455.02 0.890896
3394648.84 0.891194
3394742.64 0.891385
3394842.45 0.891594
3395036.42 0.89211
3395230.31 0.892752
3395423.98 0.893524
3395618.02 0.894419
3395811.97 0.895428
3396005.71 0.896533
3396199.82 0.897715
3396393.84 0.89895
3396587.99 0.900215
3396687.21 0.900873
3396781.82 0.901486
3396975.90 0.902742
3397170.01 0.903961
3397363.90 0.905126
3397558.17 0.906224
3397752.34 0.907243
3397946.42 0.908175
3398140.63 0.909013
3398334.87 0.909754
3398528.90 0.910395
3398633.55 0.910695
3398723.30 0.910935
3398917.60 0.911372
3399111.81 0.911705
3399306.16 0.911934
3399500.53 0.91206
3399694.92 0.912082
3399889.11 0.912003
3400083.66 0.911826
3400278.12 0.911556
3400472.37 0.911202
3400582.23 0.910961
3400666.99 0.910773
3400861.52 0.910283
3401055.84 0.909746
3401250.52 0.90918
3401445.00 0.908602
3401639.50 0.908032
3401834.26 0.907487
3402028.92 0.906983
3402223.60 0.906533
3402418.07 0.906146
3402533.38 0.90595
3402612.80 0.905826
3402807.66 0.905575
3403002.20 0.905385
3403197.11 0.905246
3403391.93 0.905143
3403586.54 0.905056
3403781.40 0.904965
3403976.40 0.904846
3404171.07 0.904677
3404366.11 0.904436
3404486.53 0.904227
3404561.06 0.904106
3404755.80 0.903674
3404950.80 0.903132
3405145.93 0.902478
3405340.97 0.901717
3405535.80 0.900859
3405731.00 0.899924
3405926.11 0.898933
3406121.00 0.897913
3406316.27 0.896894
3406442.17 0.896257
3406511.44 0.895907
3406706.41 0.894983
3406901.74 0.894152
3407096.98 0.89344
3407292.01 0.892869
3407487.42 0.892457
3407682.72 0.892215
3407877.82 0.892148
3408073.17 0.892253
3408268.66 0.892525
3408399.82 0.892806
3408464.06 0.892949
3408659.25 0.893506
3408854.81 0.894176
3409050.27 0.894932
3409245.53 0.895746
3409441.15 0.896588
3409636.68 0.897431
3409832.01 0.898245
3410027.70 0.899003
3410223.30 0.899682
3410359.72 0.900093
3410418.69 0.900259
3410614.45 0.900718
3410810.11 0.901043
3411005.57 0.901226
3411201.28 0.901261
3411397.13 0.901147
3411592.89 0.900888
3411788.55 0.900491
3411984.35 0.899968
3412180.17 0.899335
3412322.11 0.898811
3412375.79 0.898609
3412571.77 0.897812
3412767.66 0.896965
3412963.46 0.896092
3413159.40 0.895217
3413355.35 0.894364
3413551.10 0.893555
3413747.10 0.89281
3413943.25 0.892148
3414139.30 0.891582
3414286.52 0.891227
3414335.13 0.891123
3414531.34 0.89078
3414727.46 0.890556
3414923.37 0.890452
3415119.64 0.890465
3415315.71 0.89059
3415511.80 0.890819
3415708.14 0.891146
3415904.40 0.891561
3416100.44 0.892058
3416253.20 0.892502
3416296.85 0.89263
3416493.05 0.893273
3416689.28 0.893987
3416885.64 0.894771
3417082.14 0.895632
3417278.55 0.896577
3417474.75 0.897616
3417671.21 0.89876
3417867.80 0.900025
3418064.07 0.901423
3418222.38 0.902662
3420193.60 0.926912
3422167.09 0.952549
3424142.97 0.950819
3426121.03 0.930369
3428101.60 0.928902
3430084.23 0.947278
3432069.16 0.958529
3434056.62 0.95257
3436046.14 0.935178
3438037.98 0.917403
3440032.36 0.918646
3442028.82 0.924329
3444027.59 0.913335
3446028.81 0.904672
3448032.36 0.894932
3450038.24 0.88575
3452046.33 0.881801
3454056.76 0.883675
3456069.90 0.886777
3458084.90 0.881308
3460102.37 0.876703
3462122.44 0.87683
3464144.63 0.864591
3466169.18 0.857897
3468196.34 0.865578
3470225.64 0.855363
3472257.55 0.852274
3474291.60 0.857945
3476328.03 0.842453
3478366.97 0.83984
3480408.19 0.86809
3482451.92 0.889206
3484498.06 0.891427
3486546.48 0.890841
3488597.31 0.904918
3490650.80 0.917286
3492706.46 0.929964
3494764.67 0.931441
3496825.30 0.905046
3498888.25 0.896076
3500953.87 0.915818
3503021.69 0.91556
3505091.95 0.908047
3507164.79 0.901085
3509239.95 0.891219
3511317.57 0.907856
3513397.90 0.931575
3515480.45 0.924737
3517565.72 0.91575
3519653.22 0.899654
3521743.07 0.892403
3523835.90 0.902872
3525930.84 0.899661
3528028.28 0.881686
3530128.46 0.876581
3532230.90 0.872718
3534335.72 0.861644
3536443.42 0.845418
3538553.39 0.847227
3540666.13 0.869379
3542781.14 0.889426
3544898.80 0.893811
3547019.00 0.883127
3549141.61 0.879308
3551266.76 0.888424
3553394.71 0.897739
3555524.96 0.886939
3557657.77 0.871157
3559793.39 0.857836
3561931.32 0.846083
3564071.95 0.833594
3566215.02 0.823906
3568360.67 0.823058
3570509.17 0.82862
3572659.99 0.846162
3574813.41 0.870756
3576969.68 0.870415
3579128.30 0.863757
3581289.52 0.86494
3583453.62 0.860227
3585619.94 0.86267
3587789.40 0.865255
3589961.10 0.851803
3592135.44 0.834033
3594312.53 0.821936
3596492.27 0.806316
3598674.39 0.812297
3600859.55 0.828685
3603047.11 0.826914
3605237.33 0.825226
3607430.47 0.826392
3609626.02 0.816286
3611824.51 0.815253
3614025.41 0.821424
3616229.00 0.815479
3618435.54 0.80543
3620644.51 0.793707
3622856.18 0.778598
3625070.68 0.765675
3627287.77 0.762548
3629507.56 0.766841
3631730.34 0.764758
3633955.58 0.758358
3636183.81 0.753133
3638414.51 0.755013
3640647.95 0.773448
3642884.40 0.802322
3645123.33 0.814327
3647365.02 0.811453
3649609.73 0.811156
3651856.80 0.806976
3654106.92 0.812879
3656359.80 0.82527
3658615.33 0.821816
3660873.92 0.80814
3663135.16 0.790476
3665398.93 0.774772
3667665.90 0.779324
3669935.40 0.787534
3672207.72 0.788161
3674483.13 0.791542
3676761.08 0.801058
3679041.86 0.8152
3681325.74 0.798055
3683612.19 0.758501
3685901.62 0.747413
3688193.76 0.767709
3690488.75 0.781461
3692786.87 0.779406
3695087.58 0.752107
3697391.16 0.720261
3699697.89 0.710425
3702007.22 0.712497
3704319.44 0.722267
3706634.69 0.74337
3708952.83 0.742619
3711274.02 0.723971
3711400.60 0.722734
3711632.30 0.721412
3711864.17 0.720316
3712095.65 0.719359
3712327.44 0.718526
3712559.40 0.717798
3712791.24 0.717157
3713022.84 0.716591
3713254.75 0.716087
3713486.68 0.715639
3713597.83 0.715442
3713718.50 0.715244
3713950.49 0.714905
3714182.65 0.714625
3714414.42 0.714413
3714646.50 0.714277
3714878.61 0.714226
3715110.61 0.714268
3715342.77 0.714409
3715575.10 0.714651
3715807.33 0.714995
3715924.55 0.715209
3716039.30 0.715435
3716271.58 0.715966
3716504.03 0.716576
3716736.09 0.717254
3716968.46 0.717986
3717201.00 0.718758
3717433.15 0.719558
3717665.60 0.720375
3717898.23 0.7212
3718130.46 0.722026
3718254.47 0.722456
3718363.01 0.722851
3718595.72 0.723675
3718828.04 0.724499
3719060.67 0.725328
3719293.47 0.726164
3719526.15 0.727013
3719758.60 0.727878
3719991.34 0.728758
3720224.26 0.72965
3720456.78 0.73055
3720586.90 0.731042
3720689.62 0.731446
3720922.62 0.732323
3721155.23 0.733164
3721388.15 0.733947
3721621.24 0.734647
3721853.94 0.735239
3722086.95 0.735697
3722320.13 0.735995
3722553.20 0.736109
3722786.02 0.73602
3722922.39 0.735863
3723019.28 0.73571
3723252.43 0.735167
3723485.34 0.734384
3723718.55 0.73336
3723951.93 0.732097
3724184.93 0.730606
3724418.37 0.728901
3724651.70 0.727
3724884.78 0.724925
3725118.17 0.722702
3725261.10 0.721278
3725351.72 0.72036
3725584.89 0.717928
3725818.51 0.715438
3726052.01 0.712919
3726285.55 0.710404
3726518.83 0.707921
3726752.43 0.705499
3726986.19 0.703165
3727219.70 0.700941
3727453.24 0.698848
3727602.47 0.6976
3727687.09 0.696902
3727920.55 0.695118
3728154.32 0.693503
3728388.26 0.692062
3728621.81 0.690796
3728855.66 0.689702
3729089.69 0.688771
3729323.60 0.687993
3729557.27 0.687354
3729791.25 0.686838
3729946.78 0.686561
3730025.25 0.686429
3730259.14 0.686109
3730493.20 0.685861
3730727.44 0.68567
3730961.28 0.685524
3731195.43 0.685414
3731429.61 0.685334
3731663.68 0.685283
3731897.92 0.685264
3732132.32 0.685283
3732294.46 0.685314
3732366.34 0.685351
3732600.67 0.685479
3732835.02 0.685682
3733069.55 0.685976
3733303.69 0.686372
3733538.13 0.686885
3733772.74 0.687521
3734006.97 0.688287
3734241.50 0.689182
3734476.20 0.6902
3734644.54 0.691007
3734710.52 0.691329
3734945.14 0.692554
3735179.93 0.693851
3735414.33 0.695196
3735649.04 0.696557
3735883.92 0.697903
3736118.41 0.699202
3736353.20 0.70042
3736588.03 0.701526
3736823.03 0.702492
3736998.00 0.703098
3737057.64 0.703294
3737292.55 0.703911
3737527.64 0.704327
3737762.33 0.704533
3737997.34 0.704523
3738232.51 0.704297
3738467.30 0.703859
3738702.39 0.703215
3738937.65 0.702378
3739172.52 0.701358
3739354.15 0.700456
3739407.71 0.700171
3739643.06 0.69883
3739878.02 0.69735
3740113.29 0.695747
3740348.59 0.694035
3740584.06 0.692227
3740819.14 0.690338
3741054.67 0.688381
3741290.09 0.686372
3741525.26 0.684323
3741713.27 0.682669
3741760.74 0.682253
3741996.38 0.680177
3742231.64 0.678115
3742467.35 0.676087
3742702.95 0.674115
3742938.29 0.672223
3743173.95 0.670434
3743409.63 0.668773
3743645.21 0.667261
3743881.09 0.665922
3744075.66 0.664954
3744116.73 0.664773
3744352.67 0.663831
3744588.23 0.663106
3744824.09 0.662604
3745060.13 0.662326
3745295.77 0.662266
3745531.72 0.662412
3745767.84 0.662747
3746003.58 0.663247
3746239.62 0.663884
3746440.74 0.664517
3746475.83 0.664628
3746711.65 0.665443
3746947.78 0.666294
3747183.94 0.667147
3747420.28 0.667968
3747656.22 0.668727
3747892.47 0.669399
3748128.75 0.669963
3748364.92 0.670405
3748601.26 0.670717
3748808.82 0.670883
3748837.77 0.670898
3749073.89 0.670954
3749310.31 0.670897
3749546.77 0.670742
3749782.98 0.670508
3750019.64 0.670217
3750256.19 0.669891
3750492.63 0.669551
3750729.24 0.669214
3750965.87 0.668893
3751180.03 0.668623
3751202.68 0.668597
3751439.10 0.668328
3751675.83 0.66808
3751912.73 0.667843
3752149.23 0.667599
3752386.05 0.667326
3752623.04 0.666996
3752859.63 0.666581
3753096.54 0.666052
3753333.62 0.665379
3753554.10 0.664597
3753570.30 0.664538
3753807.30 0.66351
3754044.33 0.662281
3754281.52 0.660846
3754518.33 0.659206
3754755.44 0.657375
3754992.73 0.655372
3755229.63 0.653225
3755466.83 0.650969
3755704.21 0.648641
3755931.18 0.646384
3755941.19 0.646286
3756178.49 0.643945
3756415.96 0.64166
3756653.03 0.63947
3756890.42 0.637409
3757127.84 0.635504
3757365.14 0.633773
3757602.62 0.632228
3757840.26 0.630873
3758077.80 0.629701
3758311.55 0.628715
3758315.08 0.6287
3758552.68 0.627853
3758790.45 0.627137
3759027.82 0.626527
3759265.65 0.625996
3759503.37 0.625519
3759740.83 0.625073
3759978.61 0.624639
3760216.56 0.624202
3760454.11 0.623751
3760692.12 0.623282
3760694.66 0.623275
3760929.87 0.622795
3761167.66 0.622294
3761405.62 0.621786
3761643.60 0.621281
3761881.76 0.62079
3762119.53 0.620324
3762357.60 0.619891
3762595.85 0.619498
3762833.71 0.619148
3763071.88 0.618844
3763081.08 0.61883
3763310.22 0.61858
3763548.16 0.618351
3763786.42 0.618147
3764024.71 0.617958
3764262.89 0.617772
3764501.24 0.617577
3764739.61 0.617363
3764977.88 0.617123
3765216.32 0.616851
3765454.79 0.616548
3765470.25 0.616525
3765693.43 0.616218
3765931.68 0.615869
3766170.24 0.615515
3766408.83 0.615173
3766647.17 0.614865
3766885.96 0.614614
3767124.78 0.614445
3767363.21 0.614382
3767601.95 0.614451
3767840.73 0.614674
3767862.45 0.614702
3768079.24 0.61507
3768318.22 0.615652
3768557.08 0.616432
3768796.12 0.617413
3769034.76 0.618595
3769273.71 0.619969
3769512.84 0.621525
3769751.57 0.623243
3769990.61 0.625102
3770229.83 0.627077
3770257.97 0.627318
3770468.65 0.629138
3770707.78 0.631257
3770946.95 0.633402
3771186.00 0.635544
3771425.23 0.637655
3771664.49 0.639707
3771903.63 0.641679
3772142.95 0.643552
3772382.30 0.645312
3772621.82 0.646948
3772656.26 0.647171
3772860.94 0.648455
3773100.38 0.649832
3773339.99 0.651084
3773579.21 0.652218
3773818.74 0.653244
3774058.44 0.654175
3774297.75 0.655025
3774537.37 0.655809
3774777.17 0.656542
3775016.56 0.657239
3775057.61 0.657352
3775256.28 0.657912
3775496.02 0.658573
3775735.65 0.659231
3775975.45 0.659894
3776215.43 0.660567
3776455.30 0.661255
3776694.91 0.661962
3776934.83 0.662692
3777174.93 0.663447
3777414.63 0.664235
3777462.15 0.664393
3777654.79 0.665061
3777894.70 0.665933
3778134.64 0.666864
3778374.74 0.667866
3778614.88 0.668953
3778854.91 0.670139
3779095.25 0.671439
3779335.34 0.672867
3779575.75 0.674433
3779815.75 0.676143
3779869.76 0.67655
3780056.08 0.677998
3780296.57 0.679992
3780536.67 0.682112
3780777.09 0.684338
3781017.67 0.686641
3781257.86 0.688985
3781498.37 0.691329
3781738.91 0.693626
3781979.33 0.695828
3782219.93 0.697886
3782280.30 0.698372
3782460.56 0.699752
3782701.07 0.701385
3782941.76 0.702752
3783182.48 0.703828
3783423.23 0.7046
3783663.87 0.705069
3783904.68 0.70525
3784145.67 0.705171
3784386.26 0.704872
3784627.16 0.704406
3784694.05 0.704249
3784868.10 0.703834
3785108.78 0.703223
3785349.92 0.702645
3785590.94 0.702168
3785831.86 0.701859
3786072.95 0.701778
3786314.06 0.701973
3786555.36 0.70248
3786796.25 0.703321
3787037.46 0.704504
3787110.75 0.704942
3787278.85 0.706019
3787519.83 0.707844
3787761.14 0.709941
3788002.62 0.712262
3788243.69 0.714749
3788485.09 0.717341
3788726.52 0.71997
3788967.83 0.722572
3789209.32 0.725084
3789450.84 0.72745
3789530.97 0.728187
3789692.24 0.729621
3789933.82 0.731559
3790175.43 0.733235
3790417.22 0.73463
3790658.60 0.735739
3790900.31 0.736564
3791142.19 0.737116
3791383.66 0.737411
3791625.46 0.737475
3791867.43 0.737331
3791953.70 0.737224
3792109.00 0.737009
3792350.89 0.736534
3792592.81 0.735933
3792834.61 0.735228
3793076.60 0.734439
3793318.75 0.733582
3793560.51 0.732668
3793802.58 0.731706
3794044.69 0.730703
3794286.96 0.729662
3794379.68 0.729249
3794528.84 0.728587
3794771.18 0.72748
3795013.41 0.726344
3795255.38 0.725185
3795497.67 0.724008
3795740.00 0.722823
3795982.20 0.72164
3796224.73 0.720475
3796467.00 0.719342
3796709.30 0.718259
3796809.06 0.717838
3796951.78 0.717246
3797194.28 0.71632
3797436.68 0.715502
3797679.25 0.71481
3797921.85 0.714258
3798164.62 0.713863
3798406.99 0.713633
3798649.69 0.713577
3798892.41 0.713698
3799135.02 0.713995
3799241.25 0.714203
3799377.81 0.714464
3799620.62 0.715097
3799863.33 0.715879
3800106.21 0.716797
3800349.12 0.717831
3800591.91 0.718962
3800834.88 0.720165
3801077.89 0.72142
3801320.78 0.722703
3801563.84 0.723993
3801676.57 0.72459
3801806.94 0.72527
3802050.07 0.726516
3802292.93 0.727717
3802536.27 0.72886
3802779.49 0.729938
3803022.60 0.730944
3803265.88 0.731877
3803509.19 0.732736
3803752.25 0.733522
3803995.77 0.734238
3804115.30 0.734563
3804239.18 0.734885
3804482.47 0.735465
3804725.94 0.735976
3804969.44 0.736414
3805213.12 0.736771
3805456.39 0.737038
3805699.99 0.737198
3805943.61 0.737233
3806187.12 0.737124
3806430.81 0.736846
3806556.87 0.736607
3806674.53 0.736378
3806918.14 0.735698
3807161.92 0.734787
3807405.73 0.733631
3807649.43 0.732223
3807893.31 0.730561
3808137.21 0.728656
3808381.01 0.726526
3808624.97 0.724198
3808868.97 0.721713
3809001.43 0.720297
3809113.15 0.719116
3809356.92 0.716462
3809601.02 0.713811
3809845.14 0.711229
3810089.15 0.708779
3810333.34 0.706525
3810577.71 0.704526
3810821.67 0.702833
3811065.95 0.701491
3811310.26 0.70053
3811449.72 0.700209
3811554.46 0.699971
3811798.84 0.699821
3812043.39 0.700072
3812287.83 0.700707
3812532.01 0.701694
3812776.51 0.702994
3813021.04 0.704559
3813265.46 0.706335
3813510.20 0.708268
3813754.68 0.710302
3813900.71 0.711546
3813999.19 0.712385
3814243.88 0.714468
3814488.60 0.716511
3814733.21 0.718479
3814977.99 0.720349
3815222.81 0.722107
3815467.51 0.723746
3815712.39 0.725269
3815957.30 0.726686
3816202.24 0.728012
3816355.16 0.728783
3816447.06 0.729265
3816692.07 0.730466
3816937.10 0.731635
3817182.02 0.73279
3817427.12 0.733943
3817672.25 0.735103
3817917.26 0.736269
3818162.46 0.737435
3818407.68 0.738585
3818652.79 0.739696
3818812.32 0.74038
3818898.08 0.740739
3819143.40 0.741676
3819388.60 0.742466
3819633.83 0.743066
3819879.39 0.743428
3820124.84 0.743508
3820370.17 0.743265
3820615.68 0.742661
3820861.21 0.741666
3821106.49 0.74026
3821272.95 0.739042
3821352.24 0.73843
3821597.88 0.736179
3821843.39 0.733517
3822089.09 0.73047
3822334.82 0.727073
3822580.29 0.723374
3822826.23 0.719431
3823072.05 0.715309
3823317.90 0.711079
3823563.64 0.706818
3823736.75 0.703851
3823809.56 0.702602
3824055.51 0.698506
3824301.35 0.694602
3824547.36 0.690954
3824793.40 0.687617
3825039.33 0.684637
3825285.44 0.682045
3825531.58 0.679861
3825777.61 0.678091
3826023.81 0.676726
3826203.58 0.675995
3826270.05 0.675745
3826516.17 0.675117
3826762.46 0.674799
3827008.79 0.674742
3827255.15 0.674893
3827501.40 0.675196
3827747.83 0.675595
3827994.43 0.676037
3828240.62 0.676476
3828487.14 0.676871
3828673.60 0.677105
3828733.70 0.677191
3828980.13 0.677412
3829226.75 0.677525
3829473.54 0.677524
3829719.93 0.677418
3829966.64 0.67722
3830213.38 0.67695
3830460.01 0.676634
3830706.82 0.676297
3830953.80 0.675967
3831147.10 0.675732
3831200.52 0.67567
3831447.28 0.675427
3831694.21 0.675257
3831941.18 0.675169
3832188.03 0.675168
3832435.06 0.675251
3832682.12 0.675409
3832929.06 0.675625
3833176.19 0.675877
3833423.34 0.676139
3833623.50 0.676347
3833670.38 0.676381
3833917.60 0.676572
3834164.86 0.67668
3834412.14 0.676676
3834659.31 0.676531
3834906.65 0.676223
3835154.03 0.675731
3835401.30 0.675044
3835648.74 0.674153
3835896.22 0.673056
3836103.26 0.671978
3836143.58 0.67176
3836391.12 0.670275
3836638.69 0.668617
3836886.14 0.666807
3837133.63 0.664871
3837381.44 0.662836
3837629.00 0.660733
3837876.73 0.658594
3838124.49 0.65645
3838372.28 0.654333
3838586.22 0.652545
3838619.82 0.652272
3838867.82 0.650295
3839115.71 0.648427
3839363.49 0.646687
3839611.44 0.645092
3839859.43 0.643655
3840107.15 0.642381
3840355.35 0.641275
3840603.44 0.640335
3840851.40 0.639555
3841072.26 0.638979
3841099.55 0.638925
3841347.73 0.638432
3841595.94 0.638061
3841844.04 0.637796
3842092.31 0.637618
3842340.62 0.63751
3842588.81 0.637455
3842837.18 0.637436
3843085.59 0.637439
3843333.87 0.637454
3843561.81 0.637468
3843582.34 0.637472
3843830.84 0.637488
3844079.23 0.6375
3844327.79 0.637509
3844576.39 0.637522
3844824.87 0.637545
3845073.53 0.637589
3845322.22 0.637667
3845571.09 0.637794
3845819.56 0.637986
3846054.29 0.638245
3846068.35 0.638259
3846317.17 0.638632
3846565.87 0.639121
3846814.76 0.639743
3847063.82 0.640512
3847312.48 0.641443
3847561.46 0.642547
3847810.48 0.64383
3848059.38 0.645299
3848308.45 0.646952
3848550.01 0.64873
3848557.71 0.648787
3848806.56 0.650793
3849055.74 0.652956
3849304.95 0.655256
3849554.19 0.657666
3849803.31 0.660156
3850052.62 0.662689
3850301.95 0.665225
3850551.18 0.667721
3850800.58 0.670132
3851049.12 0.672407
3851050.01 0.672413
3851299.33 0.674521
3851548.83 0.676416
3851798.36 0.678062
3852047.78 0.679433
3852297.37 0.680509
3852547.00 0.68128
3852796.51 0.681749
3853046.20 0.681925
3853295.93 0.681833
3853545.69 0.681504
3853551.33 0.681493
3853795.33 0.68098
3854045.15 0.680308
3854295.01 0.679539
3854544.75 0.67873
3854794.52 0.677932
3855044.62 0.677196
3855294.45 0.676566
3855544.47 0.676079
3855794.52 0.67576
3856044.45 0.675624
3856056.79 0.675621
3856294.42 0.675674
3856544.71 0.6759
3856794.59 0.676283
3857044.95 0.676793
3857295.20 0.677393
3857545.47 0.678039
3857795.49 0.678686
3858045.98 0.679289
3858296.35 0.679806
3858546.61 0.680199
3858565.81 0.680222
3858797.05 0.68044
3859047.52 0.680508
3859297.72 0.680393
3859548.41 0.680095
3859798.98 0.679627
3860049.43 0.679007
3860300.06 0.678264
3860550.73 0.677432
3860801.43 0.676547
3861052.01 0.675649
3861077.80 0.675558
3861302.78 0.674775
3861553.57 0.673959
3861804.25 0.67323
3862055.12 0.672612
3862306.01 0.672117
3862556.79 0.671754
3862807.75 0.671523
3863058.74 0.671416
3863309.62 0.671418
3863560.67 0.671514
3863593.07 0.671535
3863811.76 0.671682
3864062.59 0.671901
3864313.89 0.67215
3864565.08 0.672412
3864816.45 0.672672
3865067.40 0.672919
3865318.69 0.67315
3865570.01 0.673363
3865821.21 0.673563
3866072.60 0.673759
3866111.91 0.673792
3866324.16 0.673963
3866575.31 0.674186
3866826.79 0.674442
3867078.31 0.674744
3867329.71 0.675099
3867581.29 0.675514
3867833.05 0.675989
3868084.55 0.67652
3868336.08 0.677099
3868587.79 0.677709
3868633.73 0.677824
3868839.53 0.678332
3869091.16 0.678944
3869342.97 0.679519
3869594.81 0.68003
3869846.54 0.680449
3870098.44 0.680748
3870350.38 0.680904
3870602.21 0.680896
3870854.21 0.680709
3871106.25 0.680333
3871159.15 0.680222
3871358.02 0.679763
3871610.28 0.679002
3871862.42 0.67806
3872114.59 0.676951
3872366.64 0.675697
3872618.88 0.674324
3872871.15 0.67286
3873123.30 0.671338
3873375.63 0.669791
3873628.00 0.668254
3873687.57 0.66789
3873880.25 0.666758
3874132.53 0.665332
3874385.15 0.664004
3874637.35 0.662793
3874890.03 0.661714
3875142.60 0.660776
3875394.89 0.65998
3875647.52 0.659319
3875900.34 0.658783
3876153.03 0.65835
3876219.29 0.658258
3876405.61 0.657998
3876658.38 0.657697
3876911.17 0.657415
3877163.70 0.657119
3877416.71 0.656777
3877669.61 0.656358
3877922.38 0.655835
3878175.34 0.655189
3878428.34 0.654406
3878681.06 0.653481
3878754.63 0.653177
3878934.27 0.652418
3879187.36 0.651231
3879440.49 0.649943
3879693.50 0.648585
3879946.69 0.647197
3880199.91 0.645824
3880453.02 0.644513
3880706.31 0.643317
3880959.64 0.642283
3881212.84 0.641459
3881292.98 0.641262
3881466.23 0.640883
3881719.65 0.640588
3881972.81 0.640596
3882226.45 0.640917
3882479.97 0.64155
3882733.23 0.642481
3882986.96 0.643684
3883240.59 0.645124
3883494.24 0.646753
3883747.78 0.648521
3883834.51 0.64916
3884001.50 0.650369
3884255.40 0.652239
3884508.89 0.654075
3884762.71 0.655822
3885016.56 0.657435
3885270.30 0.658876
3885524.22 0.660118
3885778.32 0.661147
3886032.01 0.661959
3886286.03 0.662565
3886379.97 0.662723
3886540.08 0.662985
3886793.86 0.66325
3887048.13 0.6634
3887302.29 0.663479
3887556.47 0.663535
3887810.54 0.663616
3888064.79 0.663769
3888319.08 0.664033
3888573.24 0.664444
3888827.60 0.665026
3888928.32 0.665316
3889081.98 0.665795
3889336.10 0.666754
3889590.70 0.667898
3889845.19 0.66921
3890099.40 0.670663
3890354.10 0.672226
3890608.69 0.673858
3890863.00 0.675517
3891117.81 0.677159
3891372.49 0.678743
3891479.86 0.679363
3891627.21 0.680229
3891881.81 0.681585
3892136.44 0.682784
3892391.41 0.683808
3892646.11 0.684651
3892901.00 0.685311
3893155.92 0.6858
3893410.57 0.686136
3893665.55 0.686344
3893920.72 0.686456
3894035.20 0.686482
3894175.47 0.686505
3894430.71 0.686529
3894685.83 0.686564
3894940.98 0.686642
3895195.86 0.686795
3895451.23 0.687045
3895706.48 0.687409
3895961.62 0.687897
3896216.94 0.68851
3896472.29 0.689242
3896593.75 0.689649
3896727.37 0.690077
3896982.94 0.690997
3897238.40 0.691976
3897493.58 0.692985
3897749.25 0.693993
3898004.81 0.69497
3898260.09 0.695888
3898515.86 0.696722
3898771.52 0.697454
3899027.20 0.698068
3899155.67 0.698328
3899282.77 0.698561
3899538.53 0.698933
3899794.32 0.699193
3900049.99 0.699358
3900305.84 0.69945
3900561.73 0.699497
3900817.35 0.69953
3901073.46 0.699582
3901329.45 0.699689
3901585.17 0.699881
3901720.80 0.700027
3901841.38 0.700189
3902097.47 0.700637
3902353.74 0.701247
3902609.60 0.702029
3902865.79 0.702991
3903122.01 0.704131
3903378.12 0.70544
3903634.41 0.706902
3903890.89 0.708496
3904146.95 0.710195
3904289.31 0.711167
3904403.34 0.711968
3904659.77 0.713781
3904915.92 0.7156
3905172.57 0.71739
3905429.10 0.719114
3905685.51 0.720742
3905942.10 0.722243
3906198.73 0.72359
3906455.39 0.724761
3906711.94 0.725737
3906861.52 0.726196
3909436.80 0.72253
3912015.49 0.704554
3914597.88 0.690562
3917183.38 0.685726
3919772.30 0.687153
3922364.94 0.696643
3924960.72 0.704393
3927560.08 0.695268
3930162.74 0.676459
3932768.84 0.674558
3935378.72 0.682168
3937991.75 0.693157
3940608.26 0.700681
3943228.55 0.685915
3945851.86 0.664805
3948478.98 0.659513
3951109.76 0.668122
3953743.73 0.66962
3956381.53 0.658143
3959022.53 0.657146
3961666.91 0.67551
3964315.30 0.685267
3966966.91 0.685771
3969622.07 0.674403
3972281.10 0.658891
3974943.55 0.661824
3977609.24 0.661223
3980278.99 0.640842
3982952.01 0.606889
3985628.94 0.580265
3988309.15 0.579136
3990992.97 0.603379
3993680.72 0.600257
3996371.77 0.56176
3999066.46 0.537522
4001764.94 0.53615
4004466.90 0.543556
4007172.84 0.556284
4009882.11 0.563247
4012595.05 0.545449
4015311.99 0.520737
4018032.29 0.514091
4020756.27 0.514692
4023484.27 0.522927
4026215.49 0.530095
4028950.75 0.512161
4031689.89 0.483285
4034432.43 0.461513
4037178.86 0.464738
4039929.04 0.480231
4042682.64 0.488417
4045440.49 0.480368
4048201.78 0.464544
4050966.83 0.462686
4053736.00 0.468549
4056508.63 0.466882
4059285.05 0.462801
4062065.60 0.456777
4064849.64 0.448128
4067637.82 0.443009
4070429.50 0.440993
4073225.02 0.434414
4076024.54 0.420969
4078827.75 0.413736
4081634.82 0.41322
4084446.09 0.413317
4087260.89 0.423211
4090079.59 0.427267
4092902.50 0.42282
4095728.98 0.423701
4098559.70 0.415405
4101394.01 0.404039
4104232.23 0.408801
4107074.72 0.422173
4109920.65 0.423616
4112770.86 0.415463
4115625.03 0.396926
4118482.99 0.379592
4121344.92 0.382254
4124211.35 0.384922
4127081.08 0.373008
4129954.98 0.359171
4132833.23 0.351651
4135715.15 0.343872
4138601.43 0.33973
4141491.40 0.328993
4144385.41 0.314051
4147283.82 0.31228
4150185.93 0.312535
4153092.11 0.303465
4156002.54 0.301291
4158916.87 0.300107
4161835.47 0.287156
4164758.17 0.280731
4167684.80 0.286571
4170615.89 0.291951
4173550.76 0.294975
4176489.77 0.306378
4179433.09 0.317906
4182380.57 0.305858
4185332.03 0.288608
4188288.01 0.29113
4191247.81 0.288805
4194211.80 0.283415
4197180.17 0.289807
4200152.56 0.289339
4203129.52 0.270137
4206110.34 0.261252
4209095.40 0.265075
4212085.23 0.251771
4215078.60 0.22893
4218076.41 0.223347
4221078.84 0.227711
4224085.18 0.22077
4227096.18 0.205316
4230111.11 0.196512
4233130.34 0.188191
4236154.07 0.184391
4239181.94 0.193285
4242214.14 0.198391
4245251.04 0.189165
4248291.93 0.175082
4251337.36 0.172019
4254387.17 0.174051
4257441.17 0.174216
4260499.92 0.185019
4263562.70 0.200479
4266629.89 0.201115
4269701.68 0.184809
4272777.90 0.168493
4275858.37 0.165679
4278943.47 0.179653
4282032.84 0.192977
4285126.67 0.192705
4288225.35 0.178869
4291328.14 0.167105
4294435.79 0.165143
4297547.58 0.163705
4300663.88 0.158267
4303785.08 0.152347
4306910.44 0.141674
4310040.15 0.130722
4313175.16 0.127829
4316314.18 0.12388
4319457.77 0.119877
4322606.12 0.122765
4325759.07 0.125707
4328916.63 0.120582
4329066.74 0.120262
4329382.17 0.11966
4329697.08 0.119102
4330012.42 0.118586
4330327.80 0.118113
4330643.41 0.117676
4330958.51 0.117268
4331274.22 0.116878
4331589.78 0.116495
4331905.02 0.116105
4332078.60 0.115876
4332220.67 0.115694
4332536.57 0.11525
4332851.94 0.114761
4333167.73 0.114219
4333483.76 0.113615
4333799.27 0.112948
4334115.21 0.112214
4334431.37 0.111418
4334747.40 0.110562
4335063.10 0.109656
4335245.21 0.10911
4335379.40 0.108707
4335695.56 0.107729
4336011.40 0.106732
4336327.84 0.105731
4336644.14 0.104739
4336960.12 0.10377
4337276.51 0.102836
4337593.14 0.101952
4337909.25 0.101128
4338225.78 0.100377
4338416.82 0.099972
4338542.55 0.0997077
4338858.80 0.0991301
4339175.47 0.0986522
4339492.37 0.0982812
4339809.14 0.0980228
4340125.57 0.0978817
4340442.62 0.0978606
4340759.52 0.0979608
4341076.09 0.0981813
4341393.27 0.0985191
4341592.69 0.0987955
4341710.32 0.0989685
4342027.03 0.0995214
4342344.16 0.100167
4342661.53 0.100892
4342978.38 0.10168
4343295.84 0.102514
4343613.16 0.103373
4343930.53 0.104236
4344247.56 0.105083
4344565.21 0.105891
4344773.22 0.106387
4344882.71 0.10664
4345200.07 0.107313
4345517.67 0.107892
4345835.32 0.108364
4346152.63 0.10872
4346470.37 0.108955
4346788.34 0.109067
4347105.98 0.109059
4347423.67 0.108937
4347741.78 0.108712
4347958.79 0.108501
4348059.37 0.108396
4348377.39 0.108005
4348695.64 0.107556
4349013.56 0.107066
4349331.52 0.106553
4349649.91 0.106033
4349968.16 0.10552
4350286.08 0.10503
4350604.42 0.104571
4350922.81 0.104152
4351148.66 0.103882
4351241.05 0.103779
4351559.54 0.103454
4351878.25 0.103179
4352196.45 0.102951
4352515.07 0.102768
4352833.74 0.102626
4353152.26 0.102519
4353471.02 0.102443
4353790.02 0.102393
4354108.88 0.102364
4354343.21 0.102353
4354427.40 0.102351
4354746.35 0.102352
4355065.53 0.102364
4355384.19 0.102384
4355703.28 0.102411
4356022.61 0.102444
4356341.41 0.102481
4356660.64 0.102521
4356980.10 0.102564
4357299.04 0.102606
4357542.84 0.10264
4357618.41 0.102647
4357938.02 0.102684
4358257.10 0.102714
4358576.61 0.102735
4358896.36 0.102743
4359215.96 0.102736
4359535.23 0.102712
4359854.93 0.102667
4360174.86 0.1026
4360494.27 0.10251
4360746.79 0.102421
4360814.11 0.102398
4361134.18 0.102263
4361453.73 0.102106
4361773.71 0.10193
4362093.93 0.101738
4362413.62 0.101532
4362733.74 0.101316
4363054.09 0.101094
4363374.31 0.10087
4363694.19 0.100647
4363955.65 0.100469
4364014.68 0.10043
4364335.04 0.100222
4364655.06 0.100026
4364975.51 0.0998443
4365296.19 0.0996797
4365616.35 0.0995335
4365937.13 0.0994066
4366257.77 0.0992992
4366578.07 0.0992107
4366898.80 0.0991399
4367169.04 0.0990927
4367219.77 0.0990847
4367540.21 0.0990424
4367861.28 0.0990097
4368182.20 0.0989827
4368503.16 0.0989571
4368823.79 0.0989286
4369144.85 0.0988927
4369466.15 0.0988455
4369787.12 0.0987838
4370108.13 0.0987052
4370387.17 0.0986211
4370429.57 0.0986086
4370750.48 0.0984948
4371071.83 0.0983657
4371393.41 0.0982256
4371714.47 0.0980803
4372035.95 0.0979373
4372357.67 0.0978057
4372678.87 0.0976956
4373000.50 0.0976172
4373322.37 0.0975812
4373610.42 0.0975948
4373643.90 0.0975971
4373965.48 0.0976732
4374287.29 0.0978154
4374609.35 0.098027
4374930.88 0.0983081
4375252.83 0.0986551
4375574.84 0.0990607
4375896.70 0.0995139
4376218.80 0.1
4376541.14 0.100503
4376838.05 0.100963
4376862.96 0.101003
4377185.20 0.101478
4377507.49 0.101909
4377830.02 0.102275
4378152.02 0.102558
4378474.46 0.102741
4378797.13 0.102813
4379119.27 0.102765
4379441.85 0.102593
4379764.66 0.1023
4380070.45 0.101911
4380086.95 0.101889
4380409.67 0.101371
4380732.63 0.10076
4381055.06 0.10007
4381377.92 0.0993199
4381701.02 0.0985274
4382023.59 0.0977106
4382346.59 0.0968865
4382669.84 0.09607
4382992.94 0.0952733
4383308.01 0.0945245
4383315.70 0.0945058
4383638.89 0.0937738
4383962.33 0.0930808
4384285.23 0.0924273
4384608.57 0.0918123
4384932.15 0.0912328
4385255.19 0.0906856
4385578.67 0.0901672
4385902.39 0.089675
4386225.58 0.0892076
4386549.21 0.0887653
4386549.98 0.088764
4386873.07 0.0883502
4387196.79 0.0879661
4387520.17 0.0876182
4387843.99 0.0873128
4388168.04 0.0870566
4388491.57 0.0868557
4388815.72 0.086715
4389139.72 0.0866377
4389463.39 0.086624
4389787.49 0.0866712
4389796.74 0.0866732
4390111.84 0.086773
4390435.65 0.0869197
4390760.08 0.0870983
4391084.38 0.0872928
4391408.33 0.0874853
4391732.72 0.0876563
4392057.35 0.0877863
4392381.84 0.0878566
4392706.17 0.0878504
4393030.56 0.0877538
4393048.70 0.087745
4393355.38 0.0875567
4393679.67 0.0872533
4394004.40 0.0868427
4394329.36 0.0863288
4394653.80 0.0857202
4394978.67 0.0850299
4395303.78 0.0842744
4395628.35 0.0834728
4395953.37 0.082646
4396278.62 0.0818155
4396305.10 0.0817482
4396603.34 0.0810025
4396928.50 0.0802267
4397253.70 0.0795056
4397579.15 0.0788537
4397904.06 0.0782822
4398229.41 0.0777987
4398554.81 0.0774071
4398880.06 0.0771078
4399205.56 0.0768981
4399531.29 0.0767728
4399566.71 0.0767642
4399856.49 0.0767243
4400182.13 0.0767439
4400507.82 0.0768216
4400833.17 0.0769473
4401159.14 0.0771108
4401485.17 0.0773022
4401810.66 0.0775123
4402136.59 0.0777324
4402462.56 0.0779545
4402788.78 0.0781708
4402832.78 0.0781988
4403114.46 0.0783743
4403440.58 0.078558
4403766.95 0.0787151
4404092.78 0.0788387
4404419.04 0.078922
4404745.55 0.0789583
4405071.52 0.0789412
4405397.93 0.078865
4405724.59 0.0787245
4406050.71 0.078516
4406103.51 0.0784732
4406377.26 0.0782373
4406703.87 0.0778882
4407030.32 0.0774706
4407357.02 0.0769888
4407683.77 0.0764494
4408010.77 0.0758616
4408337.22 0.0752363
4408664.12 0.0745864
4408991.26 0.073926
4409317.86 0.0732696
4409379.88 0.073148
4409644.90 0.0726319
4409972.18 0.0720267
4410298.93 0.0714665
4410626.12 0.0709616
4410953.54 0.0705199
4411280.44 0.0701465
4411607.77 0.069843
4411935.34 0.0696078
4412262.77 0.0694363
4412589.86 0.0693209
4412660.35 0.069304
4412917.39 0.0692515
4413245.15 0.0692161
4413572.39 0.069201
4413900.25 0.0691923
4414227.97 0.0691757
4414555.35 0.0691378
4414883.17 0.0690665
4415211.23 0.0689514
4415538.76 0.0687845
4415866.92 0.0685604
4415945.89 0.068496
4416194.73 0.0682766
4416522.99 0.0679335
4416850.71 0.0675343
4417178.87 0.067085
4417507.27 0.0665941
4417835.33 0.066072
4418163.44 0.0655313
4418491.99 0.0649854
4418820.00 0.0644487
4419148.45 0.0639358
4419236.73 0.0638046
4419477.15 0.0634612
4419805.31 0.0630385
4420133.90 0.0626802
4420462.75 0.0623969
4420791.05 0.0621974
4421119.80 0.0620879
4421448.59 0.062072
4421777.43 0.06215
4422106.13 0.0623198
4422435.07 0.0625755
4422532.27 0.0626673
4422764.25 0.0629087
4423092.90 0.0633079
4423421.98 0.063759
4423751.12 0.0642459
4424080.11 0.0647504
4424409.34 0.0652536
4424738.82 0.0657355
4425067.76 0.0661767
4425397.14 0.0665581
4425726.57 0.0668623
4425832.34 0.0669384
4426055.66 0.0670739
4426385.38 0.0671801
4426714.96 0.0671711
4427044.78 0.0670405
4427374.06 0.0667856
4427703.79 0.0664074
4428033.76 0.0659103
4428363.19 0.0653025
4428693.06 0.0645949
4429023.18 0.0638013
4429137.93 0.0635027
4429352.75 0.0629372
4429682.77 0.06202
4430012.84 0.0610676
4430342.76 0.0600982
4430672.93 0.0591296
4431003.14 0.0581784
4431333.21 0.0572601
4431663.53 0.056388
4431993.89 0.0555732
4432324.50 0.0548245
4432448.07 0.0545649
4432654.57 0.0541483
4432985.08 0.0535482
4433315.84 0.0530256
4433646.05 0.0525795
4433976.71 0.0522069
4434307.62 0.051903
4434637.98 0.0516614
4434968.79 0.0514744
4435299.84 0.0513336
4435630.35 0.0512298
4435763.56 0.0511987
4435961.31 0.0511537
4436292.31 0.0510958
4436623.56 0.0510469
4436954.27 0.0509984
4437285.62 0.0509424
4437616.83 0.0508721
4437947.68 0.0507818
4438278.98 0.0506671
4438610.53 0.0505251
4438941.54 0.0503547
4439083.61 0.0502711
4439273.18 0.050156
4439604.49 0.0499312
4439935.84 0.0496838
4440267.44 0.0494188
4440599.08 0.0491425
4440930.58 0.0488623
4441262.53 0.0485863
4441594.13 0.0483231
4441926.17 0.0480814
4442257.67 0.0478694
4442408.64 0.0477847
4442589.61 0.047695
4442921.81 0.0475648
4443253.46 0.0474844
4443585.55 0.0474574
4443917.89 0.0474861
4444249.69 0.0475707
4444581.93 0.0477095
4444914.22 0.047899
4445246.37 0.0481342
4445578.76 0.0484083
4445739.04 0.0485552
4445911.20 0.0487136
4446243.49 0.0490413
4446576.03 0.0493821
4446908.62 0.0497268
4447241.27 0.0500659
4447573.76 0.0503906
4447906.50 0.050693
4448239.48 0.0509659
4448571.93 0.0512034
4448904.82 0.0514008
4449074.05 0.0514826
4449237.76 0.0515547
4449570.35 0.051663
4449903.59 0.0517247
4450236.67 0.0517401
4450569.62 0.0517103
4450902.80 0.0516374
4451236.04 0.0515241
4451569.53 0.0513736
4451902.47 0.0511897
4452235.86 0.0509763
4452414.07 0.0508463
4452569.49 0.0507376
4452902.58 0.0504778
4453236.12 0.050201
4453569.91 0.0499116
4453903.15 0.0496135
4454236.84 0.0493108
4454570.57 0.0490073
4454904.16 0.0487064
4455238.00 0.0484117
4455571.89 0.0481261
4455759.50 0.0479724
4455905.63 0.0478524
4456239.62 0.0475933
4456573.65 0.0473507
4456907.94 0.0471265
4457241.68 0.0469223
4457575.87 0.046739
4457910.31 0.0465774
4458244.20 0.046438
4458578.53 0.046321
4458913.12 0.0462264
4459109.37 0.0461854
4459247.16 0.0461537
4459581.65 0.0461025
4459916.19 0.0460721
4460250.58 0.0460616
4460585.22 0.0460699
4460920.11 0.0460959
4461254.85 0.046138
4461589.24 0.0461944
4461924.08 0.0462631
4462259.17 0.0463418
4462464.47 0.0463936
4462593.71 0.0464278
4462928.90 0.0465182
4463263.95 0.0466097
4463598.64 0.046699
4463933.78 0.0467824
4464268.97 0.0468565
4464604.02 0.0469181
4464939.51 0.0469641
4465274.65 0.0469924
4465609.85 0.0470011
4465825.03 0.0469934
4465945.29 0.0469896
4466280.79 0.046958
4466616.53 0.0469078
4466951.73 0.0468413
4467287.37 0.046762
4467623.27 0.0466744
4467958.62 0.0465837
4468294.41 0.0464954
4468630.26 0.0464156
4468965.96 0.0463499
4469190.25 0.046317
4469301.91 0.0463038
4469637.91 0.0462817
4469973.76 0.0462869
4470309.86 0.0463213
4470646.01 0.0463851
4470982.01 0.046477
4471318.26 0.0465935
4471654.56 0.0467299
4471991.11 0.0468794
4472327.12 0.0470344
4472560.95 0.0471381
4472663.57 0.0471861
4473000.08 0.0473255
4473336.23 0.0474433
4473673.04 0.0475309
4474009.69 0.0475803
4474346.20 0.0475851
4474682.96 0.0475404
4475019.77 0.0474435
4475356.23 0.0472935
4475693.34 0.047092
4475936.34 0.0469152
4476030.30 0.0468426
4476367.11 0.0465506
4476704.17 0.0462236
4477041.28 0.04587
4477378.65 0.0454994
4477715.46 0.0451219
4478052.73 0.0447475
4478390.04 0.044386
4478727.21 0.0440461
4479064.63 0.0437355
4479316.82 0.0435284
4479402.10 0.0434603
4479739.42 0.0432251
4480076.99 0.0430326
4480414.61 0.0428838
4480752.08 0.0427781
4481089.80 0.0427133
4481427.57 0.042686
4481765.20 0.0426919
4482103.07 0.0427259
4482441.00 0.0427828
4482702.82 0.042841
4482779.18 0.0428572
4483116.81 0.0429439
4483454.89 0.0430385
4483793.02 0.043137
4484131.00 0.0432361
4484469.23 0.0433336
4484807.71 0.0434279
4485145.65 0.0435181
4485484.03 0.0436039
4485822.47 0.0436854
4486093.33 0.0437464
4486160.75 0.0437629
4486499.29 0.0438366
4486838.08 0.0439065
4487176.73 0.0439726
4487515.02 0.0440338
4487853.76 0.0440892
4488192.55 0.0441367
4488531.20 0.0441741
4488870.29 0.0441986
4489209.04 0.0442073
4489489.39 0.0441979
4489547.84 0.0441971
4489886.89 0.0441651
4490225.99 0.0441089
4490564.94 0.0440265
4490904.15 0.0439168
4491243.40 0.0437796
4491582.50 0.0436159
4491921.86 0.0434277
4492261.27 0.0432181
4492600.93 0.0429912
4492890.79 0.0427876
4492940.04 0.0427517
4493279.60 0.0425053
4493619.22 0.0422576
4493958.68 0.0420144
4494298.40 0.0417811
4494638.17 0.0415625
4494977.78 0.0413624
4495317.65 0.0411834
4495657.58 0.0410267
4495997.35 0.0408922
4496296.94 0.0407911
4496337.37 0.0407783
4496677.45 0.0406817
4497017.58 0.0405983
4497357.35 0.0405227
4497697.79 0.0404489
4498038.07 0.0403708
4498378.20 0.0402819
4498718.58 0.0401767
4499059.02 0.0400501
4499399.11 0.0398984
4499708.26 0.039736
4499739.85 0.039719
4500080.44 0.0395113
4500420.88 0.0392759
4500761.57 0.0390153
4501102.32 0.0387336
4501442.71 0.0384361
4501783.76 0.0381293
4502124.67 0.0378203
4502465.82 0.0375169
4502806.42 0.0372268
4503125.17 0.0369748
4503147.47 0.0369577
4503488.58 0.0367163
4503829.54 0.0365088
4504170.75 0.0363402
4504512.01 0.0362145
4504853.12 0.0361343
4505194.49 0.036101
4505535.91 0.0361147
4505877.17 0.0361748
4506218.69 0.0362792
4506546.66 0.0364195
4506560.27 0.0364256
4506901.69 0.0366108
4507243.37 0.036831
4507585.09 0.0370823
4507926.87 0.0373603
4508268.50 0.0376606
4508610.39 0.0379783
4508952.53 0.0383083
4509294.11 0.0386455
4509636.15 0.0389841
4509973.97 0.039314
4509978.24 0.0393182
4510320.18 0.0396416
4510662.37 0.0399475
4511004.82 0.0402293
4511346.71 0.04048
4511689.06 0.0406928
4512031.47 0.0408613
4512374.13 0.0409797
4512716.23 0.0410429
4513058.99 0.0410473
4513401.39 0.0409905
4513406.08 0.0409891
4513743.85 0.0408717
4514086.57 0.0406923
4514429.34 0.0404551
4514771.95 0.0401651
4515114.82 0.0398291
4515457.74 0.0394553
4515800.52 0.0390533
4516143.54 0.0386335
4516486.62 0.0382066
4516829.55 0.0377837
4516843.42 0.0377666
4517172.73 0.037375
4517515.97 0.0369898
4517859.26 0.0366362
4518202.39 0.0363204
4518545.78 0.0360468
4518889.23 0.0358175
4519232.52 0.0356328
4519576.07 0.0354906
4519919.67 0.0353872
4520263.12 0.0353173
4520286.41 0.035314
4520606.82 0.0352746
4520950.58 0.0352516
4521294.19 0.0352409
4521637.85 0.0352349
4521981.96 0.0352265
4522325.73 0.0352096
4522669.75 0.035179
4523013.82 0.0351307
4523357.94 0.0350623
4523701.71 0.0349725
4523734.45 0.0349622
4524046.14 0.0348617
4524390.42 0.0347311
4524734.55 0.0345832
4525078.94 0.034421
4525423.38 0.0342482
4525767.46 0.0340688
4526112.20 0.0338869
4526456.80 0.0337062
4526801.24 0.0335305
4527145.94 0.0333628
4527187.34 0.0333432
4527490.70 0.0332059
4527835.09 0.0330619
4528180.16 0.0329326
4528525.07 0.032819
4528870.03 0.032722
4529214.84 0.032642
4529559.91 0.0325791
4529905.03 0.032533
4530250.00 0.0325035
4530595.22 0.0324899
4530646.13 0.0324895
4530940.50 0.0324914
4531285.63 0.0325071
4531631.01 0.0325355
4531976.45 0.0325751
4532321.73 0.0326242
4532667.27 0.0326803
4533012.87 0.032741
4533358.72 0.0328033
4533704.01 0.032864
4534049.76 0.0329197
4534109.79 0.0329281
4534395.57 0.0329666
4534741.22 0.0330012
4535087.13 0.0330197
4535433.30 0.0330189
4535778.90 0.0329957
4536124.97 0.0329475
4536471.10 0.0328724
4536817.06 0.032769
4537163.29 0.032637
4537509.78 0.0324766
4537578.75 0.0324407
4537855.70 0.0322891
4538202.09 0.0320764
4538548.52 0.0318415
4538895.02 0.0315877
4539241.36 0.0313191
4539588.16 0.0310403
4539934.60 0.030756
4540281.10 0.0304711
4540627.86 0.0301906
4540974.67 0.0299189
4541053.44 0.0298595
4541321.32 0.0296603
4541668.24 0.0294183
4542015.21 0.0291958
4542362.02 0.0289949
4542709.10 0.0288165
4543056.22 0.0286607
4543403.41 0.0285264
4543750.43 0.0284116
4544097.72 0.0283131
4544445.06 0.0282272
4544533.04 0.0282066
4544792.25 0.0281491
4545139.69 0.0280737
4545487.19 0.0279954
4545834.54 0.0279089
4546182.14 0.0278087
4546529.80 0.02769
4546877.30 0.0275488
4547225.07 0.0273818
4547572.89 0.0271871
4547920.55 0.0269641
4548018.39 0.0268954
4548268.27 0.0267137
4548616.45 0.026438
4548964.49 0.0261406
4549312.36 0.0258266
4549660.50 0.0255019
4550008.69 0.0251733
4550356.52 0.0248482
4550705.02 0.0245343
4551053.38 0.0242391
4551401.57 0.0239697
4551508.67 0.0238946
4551750.03 0.0237324
4552098.54 0.0235328
4552446.69 0.0233751
4552795.51 0.0232621
4553144.19 0.0231957
4553492.70 0.0231761
4553841.48 0.0232023
4554190.31 0.0232724
4554539.19 0.0233834
4554887.93 0.0235319
4555004.32 0.0235883
4555236.92 0.0237137
4555585.96 0.0239246
4555934.85 0.0241604
4556284.00 0.0244169
4556633.21 0.02469
4556982.26 0.0249761
4557331.57 0.0252716
4557680.94 0.0255733
4558030.15 0.0258779
4558379.62 0.0261819
4558505.55 0.0262897
4562011.95 0.0282594
4565523.76 0.0255462
4569041.39 0.0226429
4572564.03 0.0242452
4576092.11 0.0270586
4579626.05 0.0270238
4583165.04 0.0257669
4586709.92 0.02657
4590259.65 0.0253929
4593815.31 0.0240345
4597376.69 0.0249318
4600943.17 0.0254515
4604515.20 0.0251663
4608093.19 0.0242082
4611676.12 0.0229982
4615264.83 0.0196358
4618859.56 0.0184872
4622459.47 0.0213365
4626065.42 0.0218202
4629676.57 0.0206018
4633293.36 0.0170696
4636916.24 0.015488
4640544.36 0.0147888
4644178.16 0.013915
4647818.09 0.0144347
4651463.30 0.0147843
4655114.22 0.0157013
4658771.11 0.0158653
4662433.52 0.0148032
4666102.13 0.0127855
4669776.08 0.012114
4673455.83 0.0135467
4677141.81 0.0134981
4680833.18 0.0133029
4684530.37 0.0148583
4688233.86 0.0150235
4691942.76 0.0145651
4695657.53 0.0123918
4699378.41 0.011126
4703105.20 0.0116453
4706837.90 0.0113925
4710576.30 0.0114009
4714320.65 0.011335
4718071.63 0.00999595
4721827.69 0.00959587
4725589.95 0.0108038
4729358.67 0.0106956
4733132.95 0.0102097
4736913.26 0.00950239
4740700.06 0.00922553
4744492.47 0.0101276
4748291.41 0.0106583
4752095.98 0.00901673
4755906.66 0.00890214
4759723.68 0.00768267
4763546.60 0.00661485
4767375.89 0.00765676
4771211.35 0.0081914
4775052.76 0.00780338
4778900.35 0.00752711
4782754.61 0.00876271
4786614.63 0.00856293
4790481.12 0.00639345
4794353.86 0.00537238
4798232.64 0.00636778
4802118.16 0.00720666
4806009.51 0.00733818
4809907.18 0.00761793
4813811.40 0.00711726
4817721.74 0.00640742
4821638.43 0.0050547
4825561.97 0.0054914
4829491.42 0.00673396
4833427.99 0.00698975
4837370.04 0.00727169
4841318.76 0.0074022
4845274.40 0.00675892
4849236.04 0.00558708
4853204.16 0.00540104
4857179.26 0.00496486
4861160.40 0.00488611
4865147.83 0.00478357
4869142.53 0.0046379
4873143.31 0.00397807
4877151.15 0.0031264
4881165.11 0.00421747
4885185.92 0.00468264
4889213.36 0.00449537
4893247.21 0.00447246
4897287.72 0.00338508
4901335.38 0.0033924
4905389.27 0.00387002
4909449.86 0.00446491
4913517.67 0.00485836
4917591.74 0.00406393
4921672.81 0.00293712
4925760.42 0.00377041
4929854.82 0.00455967
4933956.52 0.00304282
4938064.57 0.00324932
4942179.47 0.00309922
4946301.71 0.00323535
4950430.35 0.00264237
4954565.89 0.00257769
4958708.83 0.00254639
4962857.97 0.00307224
4967015.05 0.00405248
4971178.35 0.00453283
4975348.64 0.00399725
4979526.18 0.00407932
4983710.74 0.00285334
4987901.84 0.00252772
4992100.75 0.00270374
4996306.23 0.00257778
5000518.80 0.00115297
5004738.99 0.000697066
5008965.80 0.00153395
5013200.26 0.00175812
5017441.38 0.00330528
5021689.68 0.00210856
5025945.69 0.00138692
5030208.41 0.00117049
5034478.37 0.0017021
5038755.84 0.00234542
5043040.33 0.00252079
5047332.11 0.00312135
5051631.72 0.00269422
5055938.14 0.00236094
5060252.43 0.00172733
5064573.57 0.0024804
5068902.09 0.00211993
5073238.54 0.00151049
5077581.90 0.00168121
5081932.70 0.00164667
5086291.48 0.000907765
5090656.96 0.000623064
5095030.47 0.00132941
5099411.50 0.00190704
5103799.80 0.00239141
5108196.19 0.00247309
5112599.90 0.0021357
5117010.68 0.00103029
5121429.87 0.00122232
5125856.17 0.00164623
5130290.13 0.00186789
5134732.29 0.00169771
5139181.63 0.00116848
5143638.68 0.000787092
5148104.00 0.0016227
5152576.55 0.00223129
5157057.41 0.00174314
5161545.27 0.00151085
5166041.21 0.00106499
5170545.53 0.00135755
5175057.18 0.000884637
5179576.70 0.00118347
5184104.66 0.00148945
5188640.01 0.00152485
5193183.84 0.00126905
5197734.83 0.000817132
5202294.34 0.000544613
5206862.12 0.00100104
5211437.40 0.00139159
5216020.72 0.00155937
5220612.65 0.00151938
5225211.86 0.00105711
5229819.45 0.000970001
5234435.72 0.00101623
5239059.60 0.000920229
5243691.66 0.000921181
5248332.74 0.001151
5252980.94 0.000964331
5257638.20 0.00158392
5262303.19 0.00171118
5266976.45 0.0013733
5271658.58 0.00117331
5276348.49 0.00189924
5281046.75 0.00110066
5285753.94 0.000788009
5290468.69 0.00081419
5295192.13 0.00109028
5299924.59 0.000973337
5304664.94 0.000619978
5309414.35 0.00130386
5314171.71 0.00131231
5318937.59 0.00136155
5323712.60 0.000730461
5328495.63 0.00138284
5333287.25 0.00168448
5338087.79 0.00173763
5342896.98 0.00141204
5347714.55 0.000727082
5352541.39 0.00063112
5357376.09 0.000701973
5362220.69 0.000835059
5367072.90 0.001051
5371934.19 0.00124855
5376804.87 0.00126661
5381683.82 0.000970653
5386571.62 0.00143518
5391468.90 0.000911154
5396374.50 0.00109153
5401288.75 0.00110408
5406213.12 0.000906816
5411145.61 0.000756603
5416087.69 0.000559171
5421038.21 0.000962701
5425997.80 0.000604322
5430966.76 0.000512838
5435944.54 0.000750213
5440931.45 0.000536687
