# Filter:   PLANCK_HFI.217GHz
# Detector: energy
# Name:     PLANCK_HFI_217GHZ
# Points:   475
# Units:    Angstrom
#############################################################################
8888888.89 0.000551537
8928571.43 0.00056358
8968609.87 0.000643183
9009009.01 0.000742261
9049773.76 0.000825433
9090909.09 0.000859625
9132420.09 0.000823219
9174311.93 0.000851285
9216589.86 0.000943948
9259259.26 0.00100039
9302325.58 0.00101786
9345794.39 0.0011145
9389671.36 0.00126761
9433962.26 0.00138284
9478672.99 0.00134782
9523809.52 0.00132909
9569377.99 0.0015708
9615384.62 0.00173065
9661835.75 0.00179871
9708737.86 0.00186401
9756097.56 0.00192648
9803921.57 0.00195145
9852216.75 0.00200815
9900990.10 0.00210416
9950248.76 0.00240797
10000000.00 0.00289241
10050251.26 0.00187489
10101010.10 0.00202785
10152284.26 0.00199242
10204081.63 0.00206922
10256410.26 0.00238958
10309278.35 0.00250208
10362694.30 0.00248186
10416666.67 0.00271391
10471204.19 0.00314412
10526315.79 0.00343641
10582010.58 0.00369388
10638297.87 0.00405122
10695187.17 0.00457888
10752688.17 0.00507029
10810810.81 0.00570114
10869565.22 0.00668058
10928961.75 0.00807401
10989010.99 0.00985545
11023094.15 0.0114749
11043622.31 0.011339
11064225.84 0.0100947
11084906.39 0.00845341
11105664.40 0.00816696
11126500.30 0.0101281
11147414.52 0.0117433
11168407.52 0.0132201
11189480.99 0.0150844
11210632.88 0.0177467
11231864.89 0.0211868
11253178.74 0.0272676
11274572.37 0.0398044
11296047.49 0.0575273
11317604.58 0.0666526
11339244.10 0.0648618
11360966.54 0.0652348
11382772.36 0.0729254
11404663.34 0.0852242
11426637.39 0.0959131
11448696.27 0.0974917
11470841.81 0.0922897
11493071.86 0.0862062
11515388.24 0.0922838
11537791.46 0.111011
11560282.02 0.133747
11582860.42 0.157891
11605527.20 0.168014
11628284.22 0.174385
11651129.30 0.184135
11674064.33 0.224384
11697091.19 0.298872
11720207.70 0.345829
11743415.76 0.327054
11766715.22 0.301602
11790108.71 0.327466
11813594.71 0.405622
11837174.46 0.494463
11860849.93 0.526907
11884618.89 0.498484
11908483.31 0.480132
11932445.18 0.507942
11956502.24 0.543163
11980656.51 0.548775
12004907.85 0.573552
12029259.01 0.593425
12053708.43 0.558053
12078257.45 0.490912
12102908.12 0.471851
12127658.16 0.537749
12152509.62 0.645683
12177464.63 0.738301
12202520.85 0.772991
12227680.39 0.758525
12252943.89 0.732144
12278312.01 0.742429
12303785.38 0.771836
12329364.68 0.833023
12355052.07 0.847622
12380845.20 0.815975
12406746.24 0.76369
12432755.89 0.735267
12458876.36 0.766034
12485105.27 0.810157
12511444.84 0.862784
12537895.79 0.924643
12564459.29 0.929475
12591135.74 0.901763
12617924.92 0.829545
12644829.13 0.771338
12671847.68 0.796784
12698982.42 0.84186
12726233.13 0.782371
12753601.54 0.728107
12781088.08 0.695238
12808692.70 0.726751
12836417.31 0.864456
12864261.70 0.96005
12892227.82 0.94507
12920315.63 0.908874
12948525.60 0.902043
12976859.69 0.916369
12978643.28 0.917489
12981459.62 0.919086
12984277.86 0.919772
12987097.32 0.919862
12989917.33 0.919431
12992738.90 0.918446
12995560.86 0.916887
12998384.89 0.914743
13001210.14 0.912015
13004036.45 0.908712
13005317.21 0.907035
13006864.50 0.904849
13009693.11 0.900449
13012523.28 0.895537
13015353.84 0.890146
13018186.47 0.884311
13021020.34 0.878074
13023855.27 0.871484
13026691.95 0.864598
13029529.36 0.857484
13032368.17 0.850224
13033900.67 0.846281
13035207.70 0.842909
13038048.65 0.835649
13040891.17 0.828562
13043734.60 0.821781
13046579.94 0.815447
13049426.19 0.809703
13052273.51 0.804692
13055121.73 0.800552
13057971.53 0.797404
13060822.58 0.795351
13062609.87 0.794666
13063674.70 0.79447
13066528.75 0.794805
13069384.05 0.796368
13072239.92 0.799129
13075096.69 0.803024
13077955.22 0.807951
13080815.17 0.813775
13083676.38 0.820334
13086538.66 0.827442
13089402.71 0.834904
13091445.32 0.840317
13092267.51 0.842514
13095132.87 0.850073
13098000.68 0.857389
13100869.07 0.864288
13103739.05 0.870617
13106609.95 0.876249
13109482.80 0.881083
13112356.39 0.885047
13115230.55 0.888093
13118107.17 0.890198
13120409.04 0.891191
13120984.37 0.891356
13123863.18 0.891579
13126742.90 0.890886
13129624.58 0.889307
13132506.32 0.886874
13135390.01 0.883621
13138275.49 0.879584
13141161.72 0.874802
13144049.38 0.869315
13146938.32 0.863171
13149500.34 0.857223
13149828.36 0.856426
13152719.14 0.849149
13155611.55 0.841423
13158505.91 0.833349
13161401.04 0.825046
13164297.61 0.81665
13167195.45 0.808312
13170094.40 0.800197
13172994.11 0.792476
13175895.44 0.785322
13178721.80 0.77906
13178798.74 0.778899
13181703.32 0.773362
13184608.49 0.768842
13187515.28 0.765447
13190423.01 0.763251
13193331.85 0.762294
13196242.50 0.76258
13199154.25 0.764076
13202067.81 0.766717
13204982.14 0.770407
13207897.75 0.77503
13208073.25 0.775334
13210814.83 0.780451
13213732.49 0.786526
13216651.97 0.793113
13219572.74 0.800073
13222495.33 0.80728
13225418.68 0.814625
13228343.50 0.822018
13231269.61 0.829388
13234196.15 0.836687
13237124.85 0.843883
13237555.21 0.844933
13240054.50 0.850958
13242986.15 0.857906
13245919.10 0.864722
13248852.64 0.871405
13251787.84 0.877948
13254723.46 0.884337
13257661.25 0.890548
13260600.35 0.896545
13263540.58 0.902284
13266482.64 0.90771
13267169.78 0.908919
13269425.30 0.912763
13272368.92 0.917382
13275314.37 0.921505
13278261.30 0.92508
13281209.54 0.928059
13284158.92 0.93041
13287110.13 0.932112
13290062.13 0.933162
13293014.73 0.933567
13295969.89 0.933347
13296916.27 0.933134
13298925.64 0.932533
13301883.07 0.931159
13304841.46 0.929264
13307801.87 0.926883
13310763.25 0.924046
13313724.88 0.920779
13316689.25 0.917096
13319654.23 0.913004
13322620.88 0.908503
13325588.50 0.903586
13326797.34 0.901478
13328558.16 0.898245
13331529.13 0.892477
13334499.66 0.886283
13337473.29 0.879675
13340447.71 0.872684
13343423.63 0.865358
13346400.88 0.857764
13349379.29 0.849995
13352359.56 0.842161
13355339.37 0.834394
13356812.83 0.83062
13358322.30 0.826839
13361306.56 0.819654
13364291.45 0.812999
13367278.02 0.807034
13370265.57 0.801909
13373255.17 0.797763
13376244.68 0.794712
13379236.60 0.792849
13382230.22 0.792239
13385224.46 0.792915
13386963.29 0.793914
13388220.40 0.794879
13391217.32 0.798103
13394216.30 0.802529
13397215.36 0.808071
13400216.49 0.814617
13403219.51 0.822039
13406223.33 0.830191
13409228.67 0.838914
13412235.37 0.848043
13415243.23 0.85741
13417250.90 0.863734
13418251.90 0.866846
13421262.29 0.876187
13424274.74 0.885275
13427288.01 0.893964
13430302.81 0.90212
13433318.96 0.909624
13436336.29 0.916373
13439354.43 0.922287
13442374.29 0.927304
13445396.23 0.931383
13447674.97 0.933788
13448419.53 0.934505
13451443.46 0.936675
13454469.12 0.937914
13457495.23 0.938266
13460523.62 0.937787
13463553.36 0.936547
13466584.29 0.934626
13469617.12 0.932105
13472650.78 0.929067
13475685.81 0.92559
13478238.23 0.92237
13478722.02 0.921743
13481759.60 0.917584
13484798.73 0.91316
13487839.23 0.908501
13490881.65 0.903627
13493924.89 0.898548
13496969.69 0.893265
13500015.32 0.887778
13503062.51 0.882091
13506111.43 0.876213
13508940.55 0.87062
13509161.37 0.87017
13512213.42 0.864002
13515266.85 0.857772
13518320.92 0.851561
13521376.01 0.845474
13524433.03 0.83963
13527491.62 0.834163
13530551.59 0.829211
13533612.76 0.824909
13536675.86 0.821383
13539739.62 0.818733
13539782.52 0.818702
13542804.40 0.817035
13545871.12 0.816324
13548939.41 0.816596
13552009.09 0.817799
13555079.98 0.81984
13558152.82 0.822583
13561226.49 0.825859
13564300.82 0.829472
13567377.84 0.833214
13570455.51 0.836875
13570766.38 0.837237
13573534.95 0.840257
13576615.42 0.843189
13579698.03 0.845535
13582781.66 0.847205
13585865.59 0.848161
13588952.40 0.848423
13592039.87 0.84806
13595129.12 0.847194
13598219.39 0.845984
13601311.82 0.84462
13601891.44 0.844356
13604404.36 0.843307
13607499.04 0.842253
13610595.69 0.841649
13613693.19 0.841664
13616792.28 0.842425
13619892.79 0.844015
13622994.52 0.846466
13626097.12 0.849755
13629201.49 0.853812
13632308.02 0.858521
13633160.53 0.859905
13635415.97 0.863734
13638524.60 0.869278
13641635.01 0.874973
13644746.47 0.880638
13647859.17 0.886111
13650973.65 0.891251
13654089.75 0.895953
13657207.64 0.900146
13660326.21 0.903798
13663446.57 0.906913
13664573.53 0.907923
13666567.99 0.909522
13669690.65 0.911682
13672815.30 0.913443
13675941.19 0.914829
13679069.07 0.91592
13682197.82 0.916786
13685328.19 0.917475
13688459.99 0.918008
13691592.28 0.918376
13694726.95 0.918546
13696131.06 0.918543
13727835.45 0.887527
13759686.01 0.856099
13791685.66 0.866775
13823833.54 0.857031
13856132.61 0.865233
13888582.95 0.795596
13921184.68 0.724184
13953940.80 0.686437
13986850.46 0.705571
14019916.69 0.755037
14053139.64 0.752776
14086519.43 0.717173
14120059.16 0.719866
14153757.99 0.783282
14187619.06 0.842546
14221642.54 0.796853
14255828.57 0.79186
14290180.38 0.841203
14324697.11 0.871975
14359382.02 0.904699
14394235.30 0.979491
14429257.15 0.982479
14464450.89 0.914079
14499815.87 0.848589
14535354.85 0.921943
14571068.68 1
14606957.59 0.957862
14643024.37 0.871312
14679269.05 0.851778
14715694.26 0.817062
14752300.03 0.765593
14789089.25 0.721948
14826062.41 0.681702
14863219.81 0.65047
14900564.81 0.643507
14938097.27 0.619895
14975820.19 0.579693
15013734.56 0.587038
15051839.36 0.632567
15090139.44 0.632086
15128634.24 0.554566
15167326.86 0.540944
15206218.37 0.610528
15245307.75 0.62082
15284600.02 0.580363
15324094.64 0.581795
15363794.84 0.591402
15403701.76 0.597259
15443814.38 0.618075
15484137.89 0.684212
15524671.81 0.714326
15565419.47 0.626615
15606382.07 0.587343
15647558.65 0.626072
15688954.55 0.590137
15730569.33 0.553996
15772406.45 0.518027
15814467.20 0.495706
15856750.62 0.480592
15899262.27 0.433132
15942001.72 0.39515
15984972.59 0.389518
16028174.45 0.366176
16071611.76 0.343924
16115284.88 0.306487
16159195.22 0.302847
16203346.55 0.330245
16247738.50 0.352883
16292375.67 0.352008
16337258.52 0.352832
16382388.54 0.329414
16427769.66 0.312624
16473401.54 0.239136
16519289.00 0.114991
16565432.55 0.0487437
16611833.77 0.0176153
16658496.78 0.00935698
16705421.57 0.00543111
16752612.31 0.00334472
16800070.43 0.00215095
16847797.34 0.00143046
16895797.33 0.000977372
16944070.47 0.000682908
